0.948719
0.920096
0.897267
0.877383
0.859367
0.842704
0.82711
0.812409
0.798479
0.785231
0.772596
0.760517
0.748945
0.737839
0.727162
0.716883
0.706973
0.697407
0.688161
0.679215
0.67055
0.662149
0.653997
0.646078
0.638381
0.630892
0.623602
0.616499
0.609574
0.602819
0.596226
0.589786
0.583493
0.577341
0.571322
0.565432
0.559666
0.554017
0.548482
0.543056
0.537735
0.532514
0.527391
0.522362
0.517423
0.512572
0.507804
0.503119
0.498512
0.493982
0.489525
0.48514
0.480825
0.476577
0.472395
0.468276
0.464219
0.460221
0.456283
0.452401
0.448574
0.444801
0.441081
0.437411
0.433792
0.430221
0.426697
0.42322
0.419788
0.4164
0.413056
0.409753
0.406491
0.40327
0.400089
0.396945
0.39384
0.390771
0.387739
0.384742
0.38178
0.378852
0.375957
0.373095
0.370265
0.367467
0.364699
0.361962
0.359254
0.356576
0.353926
0.351305
0.348711
0.346144
0.343604
0.34109
0.338602
0.33614
0.333702
0.331289
0.328901
0.326535
0.324194
0.321875
0.319579
0.317305
0.315053
0.312823
0.310614
0.308427
0.306259
0.304112
0.301986
0.299879
0.297791
0.295723
0.293673
0.291642
0.28963
0.287636
0.28566
0.283701
0.28176
0.279836
0.277929
0.276039
0.274165
0.272308
0.270466
0.268641
0.266831
0.265037
0.263258
0.261494
0.259745
0.258011
0.256291
0.254586
0.252895
0.251218
0.249555
0.247906
0.24627
0.244647
0.243038
0.241442
0.239858
0.238288
0.23673
0.235185
0.233652
0.232131
0.230622
0.229125
0.22764
0.226167
0.224705
0.223255
0.221816
0.220388
0.218972
0.217566
0.216171
0.214787
0.213413
0.21205
0.210697
0.209355
0.208023
0.206701
0.205389
0.204086
0.202794
0.201511
0.200238
0.198974
0.19772
0.196474
0.195239
0.194012
0.192794
0.191585
0.190386
0.189195
0.188012
0.186838
0.185673
0.184516
0.183368
0.182228
0.181096
0.179972
0.178856
0.177748
0.176648
0.175556
0.174472
0.173396
0.172327
0.171266
0.170212
0.169165
0.168126
0.167095
0.16607
0.165053
0.164042
0.163039
0.162043
0.161054
0.160071
0.159096
0.158127
0.157165
0.156209
0.15526
0.154318
0.153382
0.152452
0.151529
0.150612
0.149701
0.148797
0.147898
0.147006
0.14612
0.14524
0.144365
0.143497
0.142634
0.141778
0.140927
0.140081
0.139242
0.138408
0.137579
0.136756
0.135939
0.135127
0.13432
0.133519
0.132723
0.131932
0.131146
0.130366
0.129591
0.128821
0.128056
0.127296
0.126541
0.125791
0.125045
0.124305
0.12357
0.122839
0.122113
0.121392
0.120675
0.119963
0.119256
0.118553
0.117855
0.117161
0.116472
0.115787
0.115107
0.114431
0.113759
0.113092
0.112429
0.11177
0.111115
0.110465
0.109819
0.109176
0.108538
0.107904
0.107274
0.106648
0.106026
0.105408
0.104794
0.104184
0.103577
0.102975
0.102376
0.101781
0.10119
0.100602
0.100018
0.0994378
0.0988613
0.0982883
0.0977189
0.0971531
0.0965908
0.096032
0.0954767
0.0949248
0.0943764
0.0938314
0.0932898
0.0927516
0.0922167
0.0916851
0.0911568
0.0906318
0.09011
0.0895914
0.0890761
0.0885639
0.0880549
0.087549
0.0870463
0.0865466
0.08605
0.0855565
0.085066
0.0845784
0.0840939
0.0836124
0.0831338
0.0826581
0.0821853
0.0817154
0.0812484
0.0807842
0.0803229
0.0798643
0.0794086
0.0789556
0.0785054
0.0780579
0.0776131
0.077171
0.0767316
0.0762949
0.0758608
0.0754293
0.0750005
0.0745742
0.0741505
0.0737293
0.0733107
0.0728947
0.0724811
0.07207
0.0716614
0.0712552
0.0708515
0.0704502
0.0700513
0.0696548
0.0692606
0.0688689
0.0684795
0.0680924
0.0677076
0.0673251
0.0669449
0.066567
0.0661913
0.0658178
0.0654466
0.0650776
0.0647108
0.0643462
0.0639837
0.0636234
0.0632652
0.0629092
0.0625552
0.0622034
0.0618536
0.061506
0.0611603
0.0608167
0.0604752
0.0601357
0.0597981
0.0594626
0.059129
0.0587974
0.0584678
0.0581401
0.0578143
0.0574905
0.0571686
0.0568485
0.0565303
0.056214
0.0558996
0.055587
0.0552762
0.0549672
0.0546601
0.0543548
0.0540512
0.0537494
0.0534494
0.0531512
0.0528546
0.0525599
0.0522668
0.0519754
0.0516858
0.0513978
0.0511115
0.0508269
0.0505439
0.0502626
0.0499829
0.0497049
0.0494284
0.0491536
0.0488803
0.0486087
0.0483386
0.0480701
0.0478031
0.0475377
0.0472739
0.0470115
0.0467507
0.0464914
0.0462335
0.0459772
0.0457224
0.045469
0.0452171
0.0449666
0.0447176
0.04447
0.0442239
0.0439791
0.0437358
0.0434939
0.0432533
0.0430142
0.0427764
0.04254
0.042305
0.0420713
0.0418389
0.0416079
0.0413782
0.0411498
0.0409227
0.040697
0.0404725
0.0402493
0.0400274
0.0398067
0.0395874
0.0393692
0.0391524
0.0389367
0.0387223
0.0385091
0.0382972
0.0380864
0.0378769
0.0376685
0.0374613
0.0372553
0.0370505
0.0368469
0.0366444
0.0364431
0.0362429
0.0360438
0.0358459
0.0356491
0.0354534
0.0352588
0.0350654
0.034873
0.0346818
0.0344916
0.0343025
0.0341144
0.0339275
0.0337415
0.0335567
0.0333729
0.0331901
0.0330084
0.0328277
0.032648
0.0324693
0.0322917
0.032115
0.0319394
0.0317647
0.031591
0.0314183
0.0312466
0.0310758
0.030906
0.0307372
0.0305693
0.0304024
0.0302364
0.0300713
0.0299072
0.029744
0.0295817
0.0294203
0.0292599
0.0291003
0.0289416
0.0287839
0.028627
0.028471
0.0283158
0.0281616
0.0280082
0.0278556
0.0277039
0.0275531
0.0274031
0.027254
0.0271057
0.0269582
0.0268115
0.0266657
0.0265207
0.0263765
0.0262331
0.0260905
0.0259487
0.0258077
0.0256675
0.025528
0.0253894
0.0252515
0.0251144
0.024978
0.0248425
0.0247076
0.0245736
0.0244402
0.0243076
0.0241758
0.0240447
0.0239143
0.0237846
0.0236557
0.0235275
0.0234
0.0232732
0.0231471
0.0230217
0.022897
0.022773
0.0226497
0.0225271
0.0224052
0.0222839
0.0221633
0.0220434
0.0219242
0.0218056
0.0216876
0.0215703
0.0214537
0.0213377
0.0212224
0.0211077
0.0209936
0.0208802
0.0207674
0.0206552
0.0205437
0.0204327
0.0203224
0.0202127
0.0201036
0.019995
0.0198871
0.0197798
0.0196731
0.019567
0.0194614
0.0193565
0.0192521
0.0191483
0.0190451
0.0189424
0.0188403
0.0187388
0.0186378
0.0185374
0.0184375
0.0183382
0.0182395
0.0181413
0.0180436
0.0179464
0.0178498
0.0177538
0.0176582
0.0175632
0.0174687
0.0173747
0.0172813
0.0171883
0.0170959
0.017004
0.0169126
0.0168217
0.0167312
0.0166413
0.0165519
0.016463
0.0163745
0.0162866
0.0161991
0.0161121
0.0160256
0.0159395
0.0158539
0.0157688
0.0156842
0.0156
0.0155163
0.015433
0.0153503
0.0152679
0.015186
0.0151046
0.0150236
0.014943
0.0148629
0.0147832
0.014704
0.0146252
0.0145468
0.0144689
0.0143913
0.0143142
0.0142376
0.0141613
0.0140855
0.01401
0.013935
0.0138604
0.0137862
0.0137124
0.013639
0.0135661
0.0134935
0.0134213
0.0133495
0.0132781
0.013207
0.0131364
0.0130662
0.0129963
0.0129268
0.0128577
0.012789
0.0127206
0.0126527
0.012585
0.0125178
0.0124509
0.0123844
0.0123183
0.0122525
0.012187
0.012122
0.0120572
0.0119929
0.0119288
0.0118652
0.0118018
0.0117389
0.0116762
0.0116139
0.011552
0.0114903
0.011429
0.0113681
0.0113075
0.0112472
0.0111872
0.0111276
0.0110682
0.0110092
0.0109506
0.0108922
0.0108342
0.0107764
0.010719
0.0106619
0.0106051
0.0105486
0.0104924
0.0104366
0.010381
0.0103257
0.0102707
0.0102161
0.0101617
0.0101076
0.0100538
0.0100003
0.00994709
0.00989417
0.00984153
0.00978917
0.0097371
0.00968532
0.00963381
0.00958258
0.00953162
0.00948095
0.00943054
0.00938041
0.00933055
0.00928096
0.00923164
0.00918258
0.00913379
0.00908526
0.00903699
0.00898899
0.00894124
0.00889375
0.00884652
0.00879954
0.00875282
0.00870634
0.00866012
0.00861415
0.00856842
0.00852295
0.00847771
0.00843272
0.00838798
0.00834347
0.0082992
0.00825518
0.00821139
0.00816783
0.00812451
0.00808143
0.00803857
0.00799595
0.00795355
0.00791139
0.00786945
0.00782774
0.00778625
0.00774498
0.00770394
0.00766311
0.00762251
0.00758212
0.00754196
0.007502
0.00746227
0.00742274
0.00738343
0.00734433
0.00730544
0.00726676
0.00722829
0.00719002
0.00715196
0.0071141
0.00707645
0.007039
0.00700175
0.0069647
0.00692785
0.00689119
0.00685474
0.00681847
0.00678241
0.00674653
0.00671085
0.00667536
0.00664006
0.00660495
0.00657003
0.0065353
0.00650075
0.00646639
0.00643221
0.00639821
0.0063644
0.00633076
0.00629731
0.00626404
0.00623094
0.00619803
0.00616528
0.00613272
0.00610033
0.00606811
0.00603606
0.00600419
0.00597248
0.00594095
0.00590958
0.00587838
0.00584735
0.00581649
0.00578579
0.00575525
0.00572488
0.00569467
0.00566462
0.00563473
0.00560501
0.00557544
0.00554602
0.00551677
0.00548767
0.00545873
0.00542994
0.00540131
0.00537283
0.0053445
0.00531632
0.00528829
0.00526041
0.00523269
0.00520511
0.00517767
0.00515038
0.00512324
0.00509625
0.00506939
0.00504268
0.00501612
0.00498969
0.00496341
0.00493726
0.00491126
0.00488539
0.00485966
0.00483407
0.00480862
0.0047833
0.00475811
0.00473306
0.00470815
0.00468336
0.00465871
0.00463419
0.0046098
0.00458554
0.00456141
0.00453741
0.00451353
0.00448979
0.00446617
0.00444267
0.0044193
0.00439605
0.00437293
0.00434993
0.00432706
0.0043043
0.00428167
0.00425915
0.00423676
0.00421449
0.00419233
0.00417029
0.00414837
0.00412657
0.00410488
0.0040833
0.00406185
0.0040405
0.00401927
0.00399815
0.00397714
0.00395625
0.00393547
0.00391479
0.00389423
0.00387378
0.00385343
0.00383319
0.00381306
0.00379304
0.00377312
0.00375331
0.00373361
0.003714
0.00369451
0.00367511
0.00365582
0.00363663
0.00361755
0.00359856
0.00357968
0.00356089
0.00354221
0.00352362
0.00350513
0.00348675
0.00346845
0.00345026
0.00343216
0.00341416
0.00339625
0.00337844
0.00336072
0.0033431
0.00332557
0.00330813
0.00329078
0.00327353
0.00325637
0.0032393
0.00322232
0.00320543
0.00318863
0.00317191
0.00315529
0.00313876
0.00312231
0.00310595
0.00308967
0.00307348
0.00305738
0.00304136
0.00302543
0.00300958
0.00299382
0.00297814
0.00296254
0.00294702
0.00293159
0.00291624
0.00290097
0.00288578
0.00287067
0.00285564
0.00284069
0.00282582
0.00281103
0.00279631
0.00278168
0.00276712
0.00275263
0.00273823
0.0027239
0.00270964
0.00269547
0.00268136
0.00266733
0.00265338
0.0026395
0.00262569
0.00261195
0.00259829
0.0025847
0.00257118
0.00255774
0.00254436
0.00253105
0.00251782
0.00250465
0.00249156
0.00247853
0.00246557
0.00245268
0.00243986
0.00242711
0.00241442
0.0024018
0.00238925
0.00237676
0.00236434
0.00235198
0.00233969
0.00232747
0.0023153
0.00230321
0.00229117
0.0022792
0.0022673
0.00225545
0.00224367
0.00223195
0.00222029
0.0022087
0.00219716
0.00218569
0.00217427
0.00216292
0.00215163
0.00214039
0.00212922
0.0021181
0.00210704
0.00209604
0.0020851
0.00207422
0.00206339
0.00205262
0.00204191
0.00203125
0.00202065
0.0020101
0.00199962
0.00198918
0.0019788
0.00196848
0.00195821
0.00194799
0.00193783
0.00192772
0.00191766
0.00190766
0.00189771
0.00188781
0.00187797
0.00186817
0.00185843
0.00184874
0.0018391
0.00182951
0.00181997
0.00181048
0.00180104
0.00179165
0.00178231
0.00177302
0.00176378
0.00175459
0.00174544
0.00173634
0.00172729
0.00171829
0.00170934
0.00170043
0.00169157
0.00168275
0.00167399
0.00166526
0.00165659
0.00164796
0.00163937
0.00163083
0.00162234
0.00161389
0.00160548
0.00159712
0.0015888
0.00158053
0.0015723
0.00156411
0.00155596
0.00154786
0.0015398
0.00153178
0.00152381
0.00151587
0.00150798
0.00150013
0.00149232
0.00148456
0.00147683
0.00146914
0.00146149
0.00145389
0.00144632
0.00143879
0.00143131
0.00142386
0.00141645
0.00140908
0.00140175
0.00139445
0.0013872
0.00137998
0.0013728
0.00136566
0.00135856
0.00135149
0.00134446
0.00133747
0.00133051
0.00132359
0.00131671
0.00130986
0.00130305
0.00129627
0.00128953
0.00128283
0.00127616
0.00126952
0.00126292
0.00125636
0.00124983
0.00124333
0.00123687
0.00123044
0.00122404
0.00121768
0.00121135
0.00120506
0.00119879
0.00119256
0.00118637
0.0011802
0.00117407
0.00116797
0.0011619
0.00115586
0.00114986
0.00114388
0.00113794
0.00113203
0.00112615
0.0011203
0.00111448
0.00110869
0.00110293
0.0010972
0.00109151
0.00108584
0.0010802
0.00107459
0.00106901
0.00106346
0.00105794
0.00105244
0.00104698
0.00104154
0.00103614
0.00103076
0.00102541
0.00102008
0.00101479
0.00100952
0.00100428
0.000999068
0.000993883
0.000988724
0.000983593
0.000978489
0.000973411
0.00096836
0.000963335
0.000958336
0.000953364
0.000948418
0.000943497
0.000938602
0.000933733
0.000928889
0.00092407
0.000919276
0.000914508
0.000909764
0.000905046
0.000900352
0.000895682
0.000891037
0.000886416
0.000881819
0.000877246
0.000872697
0.000868172
0.00086367
0.000859192
0.000854737
0.000850305
0.000845897
0.000841512
0.000837149
0.000832809
0.000828492
0.000824198
0.000819925
0.000815676
0.000811448
0.000807242
0.000803058
0.000798896
0.000794756
0.000790638
0.00078654
0.000782465
0.00077841
0.000774377
0.000770364
0.000766373
0.000762402
0.000758453
0.000754523
0.000750614
0.000746726
0.000742858
0.00073901
0.000735182
0.000731374
0.000727586
0.000723817
0.000720068
0.000716339
0.000712629
0.000708939
0.000705268
0.000701616
0.000697982
0.000694368
0.000690773
0.000687196
0.000683638
0.000680099
0.000676578
0.000673075
0.000669591
0.000666125
0.000662676
0.000659246
0.000655834
0.000652439
0.000649062
0.000645703
0.000642361
0.000639036
0.000635729
0.000632439
0.000629166
0.000625911
0.000622672
0.00061945
0.000616245
0.000613056
0.000609884
0.000606729
0.00060359
0.000600467
0.000597361
0.00059427
0.000591196
0.000588138
0.000585096
0.000582069
0.000579059
0.000576064
0.000573084
0.00057012
0.000567172
0.000564239
0.000561321
0.000558418
0.00055553
0.000552658
0.0005498
0.000546957
0.000544129
0.000541316
0.000538517
0.000535733
0.000532963
0.000530208
0.000527467
0.00052474
0.000522028
0.000519329
0.000516645
0.000513974
0.000511318
0.000508675
0.000506046
0.000503431
0.000500829
0.00049824
0.000495666
0.000493104
0.000490556
0.000488021
0.0004855
0.000482991
0.000480495
0.000478013
0.000475543
0.000473086
0.000470642
0.000468211
0.000465792
0.000463386
0.000460992
0.000458611
0.000456242
0.000453885
0.000451541
0.000449208
0.000446888
0.00044458
0.000442284
0.00044
0.000437728
0.000435467
0.000433219
0.000430981
0.000428756
0.000426542
0.00042434
0.000422149
0.000419969
0.000417801
0.000415644
0.000413498
0.000411363
0.00040924
0.000407127
0.000405025
0.000402935
0.000400855
0.000398786
0.000396727
0.000394679
0.000392642
0.000390616
0.0003886
0.000386594
0.000384599
0.000382615
0.00038064
0.000378676
0.000376722
0.000374778
0.000372844
0.00037092
0.000369006
0.000367103
0.000365209
0.000363324
0.00036145
0.000359585
0.00035773
0.000355885
0.000354049
0.000352223
0.000350406
0.000348598
0.0003468
0.000345011
0.000343232
0.000341462
0.000339701
0.000337949
0.000336206
0.000334472
0.000332747
0.000331031
0.000329324
0.000327626
0.000325937
0.000324256
0.000322584
0.000320921
0.000319266
0.00031762
0.000315982
0.000314353
0.000312733
0.000311121
0.000309517
0.000307921
0.000306334
0.000304755
0.000303184
0.000301621
0.000300067
0.00029852
0.000296981
0.000295451
0.000293928
0.000292413
0.000290906
0.000289407
0.000287916
0.000286432
0.000284956
0.000283488
0.000282027
0.000280574
0.000279128
0.00027769
0.000276259
0.000274836
0.00027342
0.000272011
0.00027061
0.000269216
0.000267829
0.000266449
0.000265077
0.000263711
0.000262353
0.000261001
0.000259657
0.00025832
0.000256989
0.000255666
0.000254349
0.000253039
0.000251736
0.000250439
0.00024915
0.000247866
0.00024659
0.00024532
0.000244057
0.0002428
0.00024155
0.000240306
0.000239069
0.000237838
0.000236614
0.000235396
0.000234184
0.000232978
0.000231779
0.000230585
0.000229398
0.000228217
0.000227043
0.000225874
0.000224711
0.000223555
0.000222404
0.000221259
0.000220121
0.000218988
0.000217861
0.000216739
0.000215624
0.000214514
0.00021341
0.000212312
0.000211219
0.000210133
0.000209051
0.000207976
0.000206905
0.000205841
0.000204782
0.000203728
0.00020268
0.000201637
0.0002006
0.000199568
0.000198541
0.00019752
0.000196504
0.000195493
0.000194487
0.000193487
0.000192491
0.000191501
0.000190516
0.000189536
0.000188561
0.000187592
0.000186627
0.000185667
0.000184712
0.000183762
0.000182817
0.000181877
0.000180942
0.000180011
0.000179085
0.000178165
0.000177248
0.000176337
0.00017543
0.000174528
0.000173631
0.000172738
0.00017185
0.000170967
0.000170088
0.000169213
0.000168343
0.000167478
0.000166617
0.00016576
0.000164908
0.000164061
0.000163217
0.000162378
0.000161544
0.000160713
0.000159887
0.000159065
0.000158248
0.000157435
0.000156626
0.000155821
0.00015502
0.000154223
0.000153431
0.000152642
0.000151858
0.000151077
0.000150301
0.000149529
0.00014876
0.000147996
0.000147236
0.000146479
0.000145727
0.000144978
0.000144233
0.000143492
0.000142755
0.000142021
0.000141292
0.000140566
0.000139844
0.000139125
0.000138411
0.0001377
0.000136992
0.000136289
0.000135589
0.000134892
0.000134199
0.00013351
0.000132825
0.000132142
0.000131464
0.000130789
0.000130117
0.000129449
0.000128784
0.000128123
0.000127465
0.00012681
0.000126159
0.000125511
0.000124867
0.000124225
0.000123588
0.000122953
0.000122322
0.000121694
0.000121069
0.000120447
0.000119829
0.000119214
0.000118602
0.000117993
0.000117387
0.000116785
0.000116185
0.000115589
0.000114995
0.000114405
0.000113818
0.000113234
0.000112652
0.000112074
0.000111499
0.000110927
0.000110357
0.000109791
0.000109228
0.000108667
0.000108109
0.000107555
0.000107003
0.000106453
0.000105907
0.000105364
0.000104823
0.000104285
0.00010375
0.000103218
0.000102688
0.000102161
0.000101637
0.000101116
0.000100597
0.000100081
9.95673e-05
