8.27419e-40
1.04863e-38
2.10843e-38
3.42642e-38
5.05024e-38
7.28919e-38
1.01751e-37
1.42913e-37
1.96674e-37
2.74012e-37
3.75329e-37
5.2124e-37
7.12416e-37
9.87468e-37
1.34761e-36
1.86495e-36
2.54174e-36
3.51229e-36
4.78078e-36
6.5967e-36
8.96777e-36
1.23562e-35
1.67762e-35
2.30817e-35
3.1299e-35
4.30011e-35
5.82364e-35
7.98949e-35
1.08066e-34
1.48043e-34
1.99991e-34
2.73584e-34
3.69119e-34
5.04225e-34
6.79444e-34
9.26813e-34
1.24731e-33
1.699e-33
2.28366e-33
3.10622e-33
4.16989e-33
5.6638e-33
7.59373e-33
1.02996e-32
1.37919e-32
1.86799e-32
2.49823e-32
3.37885e-32
4.51318e-32
6.09544e-32
8.13156e-32
1.09669e-31
1.4612e-31
1.96792e-31
2.61872e-31
3.52189e-31
4.68073e-31
6.28624e-31
8.34421e-31
1.11906e-30
1.48356e-30
1.98685e-30
2.63071e-30
3.51825e-30
4.65256e-30
6.21353e-30
8.20659e-30
1.09447e-29
1.44373e-29
1.92275e-29
2.53316e-29
3.36895e-29
4.43296e-29
5.8874e-29
7.73716e-29
1.02615e-28
1.34687e-28
1.78383e-28
2.33846e-28
3.09283e-28
4.04941e-28
5.34835e-28
6.99384e-28
9.22454e-28
1.20476e-27
1.58684e-27
2.0699e-27
2.7226e-27
3.547e-27
4.65909e-27
6.06233e-27
7.95214e-27
1.03344e-26
1.35374e-26
1.7571e-26
2.29855e-26
2.97973e-26
3.89262e-26
5.03997e-26
6.5751e-26
8.50258e-26
1.10773e-25
1.43069e-25
1.8614e-25
2.40112e-25
3.11974e-25
4.01936e-25
5.21524e-25
6.71082e-25
8.69573e-25
1.11756e-24
1.44616e-24
1.85629e-24
2.39886e-24
3.07539e-24
3.96895e-24
5.08201e-24
6.54978e-24
8.37631e-24
1.07811e-23
1.37706e-23
1.77002e-23
2.25807e-23
2.89856e-23
3.69324e-23
4.73449e-23
6.0251e-23
7.71349e-23
9.80414e-23
1.25348e-22
1.59127e-22
2.03177e-22
2.57614e-22
3.28491e-22
4.15993e-22
5.29742e-22
6.70032e-22
8.52118e-22
1.07647e-21
1.36719e-21
1.72504e-21
2.18805e-21
2.75738e-21
3.49287e-21
4.39635e-21
5.56168e-21
6.99177e-21
8.83346e-21
1.10913e-20
1.39945e-20
1.75501e-20
2.2115e-20
2.77001e-20
3.48594e-20
4.36102e-20
5.48099e-20
6.84857e-20
8.59618e-20
1.0728e-19
1.34481e-19
1.67629e-19
2.09858e-19
2.61269e-19
3.26664e-19
4.06199e-19
5.07213e-19
6.29946e-19
7.85585e-19
9.745e-19
1.2137e-18
1.50375e-18
1.87046e-18
2.31467e-18
2.87542e-18
3.55402e-18
4.40936e-18
5.44342e-18
6.74482e-18
8.3166e-18
1.02917e-17
1.26749e-17
1.5665e-17
1.92693e-17
2.37849e-17
2.92223e-17
3.60245e-17
4.42071e-17
5.44281e-17
6.67113e-17
8.20314e-17
1.00424e-16
1.2333e-16
1.50803e-16
1.84966e-16
2.25901e-16
2.76728e-16
3.37568e-16
4.13e-16
5.03202e-16
6.14874e-16
7.4828e-16
9.13196e-16
1.11001e-15
1.35296e-15
1.64261e-15
1.99963e-15
2.42487e-15
2.94823e-15
3.57099e-15
4.33633e-15
5.24612e-15
6.36259e-15
7.68846e-15
9.31317e-15
1.12407e-14
1.35993e-14
1.63947e-14
1.98103e-14
2.38545e-14
2.87888e-14
3.46255e-14
4.17366e-14
5.014e-14
6.03634e-14
7.24329e-14
8.70955e-14
1.04389e-13
1.25367e-13
1.50086e-13
1.80029e-13
2.15276e-13
2.57914e-13
3.08054e-13
3.6862e-13
4.39776e-13
5.25607e-13
6.26346e-13
7.47692e-13
8.89976e-13
1.06112e-12
1.26161e-12
1.50243e-12
1.78426e-12
2.12231e-12
2.51755e-12
2.99098e-12
3.54397e-12
4.20544e-12
4.97732e-12
5.89936e-12
6.97427e-12
8.25652e-12
9.74994e-12
1.1529e-11
1.3599e-11
1.60616e-11
1.89243e-11
2.23253e-11
2.6275e-11
3.0961e-11
3.6398e-11
4.28398e-11
5.03071e-11
5.91424e-11
6.93745e-11
8.1465e-11
9.5454e-11
1.11962e-10
1.31044e-10
1.53531e-10
1.79501e-10
2.10066e-10
2.45332e-10
2.86783e-10
3.34565e-10
3.90654e-10
4.5525e-10
5.30977e-10
6.18111e-10
7.20126e-10
8.37402e-10
9.74531e-10
1.13203e-09
1.31596e-09
1.52702e-09
1.77317e-09
2.05539e-09
2.38412e-09
2.76068e-09
3.19874e-09
3.70009e-09
4.28261e-09
4.94869e-09
5.72165e-09
6.60473e-09
7.62823e-09
8.79653e-09
1.01489e-08
1.16914e-08
1.34747e-08
1.55068e-08
1.78535e-08
2.05254e-08
2.36071e-08
2.71128e-08
3.11516e-08
3.57422e-08
4.10245e-08
4.70237e-08
5.39188e-08
6.17432e-08
7.07256e-08
8.09104e-08
9.25891e-08
1.05821e-07
1.20976e-07
1.38132e-07
1.57761e-07
1.79964e-07
2.05338e-07
2.34019e-07
2.66759e-07
3.03737e-07
3.45904e-07
3.93492e-07
4.47701e-07
5.08832e-07
5.78395e-07
6.56783e-07
7.4589e-07
8.46229e-07
9.6017e-07
1.08838e-06
1.23383e-06
1.39738e-06
1.58272e-06
1.79099e-06
2.02679e-06
2.29157e-06
2.59105e-06
2.92712e-06
3.30688e-06
3.73276e-06
4.21355e-06
4.75237e-06
5.36012e-06
6.04081e-06
6.80787e-06
7.66646e-06
8.63315e-06
9.71454e-06
1.0931e-05
1.22911e-05
1.38198e-05
1.55279e-05
1.74462e-05
1.95884e-05
2.19924e-05
2.46755e-05
2.76842e-05
3.10404e-05
3.48009e-05
3.89938e-05
4.36883e-05
4.89198e-05
5.47732e-05
6.1293e-05
6.85827e-05
7.66986e-05
8.57668e-05
9.58583e-05
0.000107127
0.000119661
0.000133648
0.000149201
0.000166546
0.000185825
0.000207312
0.000231186
0.00025778
0.000287317
0.000320203
0.000356715
0.000397345
0.00044244
0.000492599
0.00054825
0.000610122
0.000678749
0.000755013
0.00083958
0.000933518
0.00103766
0.00115329
0.00128144
0.00142368
0.00158129
0.00175617
0.00194989
0.00216477
0.00240276
0.00266665
0.00295887
0.00328279
0.00364142
0.00403885
0.00447879
0.00496621
0.00550566
0.0061032
0.00676443
0.00749671
0.00830692
0.009204
0.0101964
0.0112951
0.0125104
0.0138555
0.0153432
0.0169896
0.0188105
0.0208252
0.0230532
0.0255181
0.0282437
0.0312588
0.0345926
0.03828
0.0423568
0.0468657
0.0518505
0.0573631
0.0634573
0.070196
0.0776455
0.0858823
0.0949873
0.105054
0.116182
0.128484
0.142082
0.157114
0.17373
0.192098
0.2124
0.234841
0.259645
0.287062
0.317365
0.350859
0.387878
0.428795
0.474017
0.523999
0.579239
0.640294
0.70777
0.782347
0.864767
0.95586
1.05653
1.16779
1.29076
1.42666
1.57684
1.74283
1.92626
2.12899
2.35303
2.60064
2.87428
3.17669
3.51089
3.88024
4.28842
4.73952
5.23804
5.78898
6.39783
7.0707
7.81431
8.6361
9.54429
10.5479
11.6571
12.8829
14.2376
15.7346
17.3891
19.2174
21.238
23.471
25.9388
28.666
31.6798
35.0105
37.6914
39.7492
41.2045
42.072
42.3601
42.072
41.2045
39.7492
37.6914
35.0105
31.6798
28.666
25.9388
23.471
21.238
19.2174
17.3891
15.7346
14.2376
12.8829
11.6571
10.5479
9.54429
8.6361
7.81431
7.0707
6.39783
5.78898
5.23804
4.73952
4.28842
3.88024
3.51089
3.17669
2.87428
2.60064
2.35303
2.12899
1.92626
1.74283
1.57684
1.42666
1.29076
1.16779
1.05653
0.95586
0.864767
0.782347
0.70777
0.640294
0.579239
0.523999
0.474017
0.428795
0.387878
0.350859
0.317365
0.287062
0.259645
0.234841
0.2124
0.192098
0.17373
0.157114
0.142082
0.128484
0.116182
0.105054
0.0949873
0.0858823
0.0776455
0.070196
0.0634573
0.0573631
0.0518505
0.0468657
0.0423568
0.03828
0.0345926
0.0312588
0.0282437
0.0255181
0.0230532
0.0208252
0.0188105
0.0169896
0.0153432
0.0138555
0.0125104
0.0112951
0.0101964
0.009204
0.00830692
0.00749671
0.00676443
0.0061032
0.00550566
0.00496621
0.00447879
0.00403885
0.00364142
0.00328279
0.00295887
0.00266665
0.00240276
0.00216477
0.00194989
0.00175617
0.00158129
0.00142368
0.00128144
0.00115329
0.00103766
0.000933518
0.00083958
0.000755013
0.000678749
0.000610122
0.00054825
0.000492599
0.00044244
0.000397345
0.000356715
0.000320203
0.000287317
0.00025778
0.000231186
0.000207312
0.000185825
0.000166546
0.000149201
0.000133648
0.000119661
0.000107127
9.58583e-05
8.57668e-05
7.66986e-05
6.85827e-05
6.1293e-05
5.47732e-05
4.89198e-05
4.36883e-05
3.89938e-05
3.48009e-05
3.10404e-05
2.76842e-05
2.46755e-05
2.19924e-05
1.95884e-05
1.74462e-05
1.55279e-05
1.38198e-05
1.22911e-05
1.0931e-05
9.71454e-06
8.63315e-06
7.66646e-06
6.80787e-06
6.04081e-06
5.36012e-06
4.75237e-06
4.21355e-06
3.73276e-06
3.30688e-06
2.92712e-06
2.59105e-06
2.29157e-06
2.02679e-06
1.79099e-06
1.58272e-06
1.39738e-06
1.23383e-06
1.08838e-06
9.6017e-07
8.46229e-07
7.4589e-07
6.56783e-07
5.78395e-07
5.08832e-07
4.47701e-07
3.93492e-07
3.45904e-07
3.03737e-07
2.66759e-07
2.34019e-07
2.05338e-07
1.79964e-07
1.57761e-07
1.38132e-07
1.20976e-07
1.05821e-07
9.25891e-08
8.09104e-08
7.07256e-08
6.17432e-08
5.39188e-08
4.70237e-08
4.10245e-08
3.57422e-08
3.11516e-08
2.71128e-08
2.36071e-08
2.05254e-08
1.78535e-08
1.55068e-08
1.34747e-08
1.16914e-08
1.01489e-08
8.79653e-09
7.62823e-09
6.60473e-09
5.72165e-09
4.94869e-09
4.28261e-09
3.70009e-09
3.19874e-09
2.76068e-09
2.38412e-09
2.05539e-09
1.77317e-09
1.52702e-09
1.31596e-09
1.13203e-09
9.74531e-10
8.37402e-10
7.20126e-10
6.18111e-10
5.30977e-10
4.5525e-10
3.90654e-10
3.34565e-10
2.86783e-10
2.45332e-10
2.10066e-10
1.79501e-10
1.53531e-10
1.31044e-10
1.11962e-10
9.5454e-11
8.1465e-11
6.93745e-11
5.91424e-11
5.03071e-11
4.28398e-11
3.6398e-11
3.0961e-11
2.6275e-11
2.23253e-11
1.89243e-11
1.60616e-11
1.3599e-11
1.1529e-11
9.74994e-12
8.25652e-12
6.97427e-12
5.89936e-12
4.97732e-12
4.20544e-12
3.54397e-12
2.99098e-12
2.51755e-12
2.12231e-12
1.78426e-12
1.50243e-12
1.26161e-12
1.06112e-12
8.89976e-13
7.47692e-13
6.26346e-13
5.25607e-13
4.39776e-13
3.6862e-13
3.08054e-13
2.57914e-13
2.15276e-13
1.80029e-13
1.50086e-13
1.25367e-13
1.04389e-13
8.70955e-14
7.24329e-14
6.03634e-14
5.014e-14
4.17366e-14
3.46255e-14
2.87888e-14
2.38545e-14
1.98103e-14
1.63947e-14
1.35993e-14
1.12407e-14
9.31317e-15
7.68846e-15
6.36259e-15
5.24612e-15
4.33633e-15
3.57099e-15
2.94823e-15
2.42487e-15
1.99963e-15
1.64261e-15
1.35296e-15
1.11001e-15
9.13196e-16
7.4828e-16
6.14874e-16
5.03202e-16
4.13e-16
3.37568e-16
2.76728e-16
2.25901e-16
1.84966e-16
1.50803e-16
1.2333e-16
1.00424e-16
8.20314e-17
6.67113e-17
5.44281e-17
4.42071e-17
3.60245e-17
2.92223e-17
2.37849e-17
1.92693e-17
1.5665e-17
1.26749e-17
1.02917e-17
8.3166e-18
6.74482e-18
5.44342e-18
4.40936e-18
3.55402e-18
2.87542e-18
2.31467e-18
1.87046e-18
1.50375e-18
1.2137e-18
9.745e-19
7.85585e-19
6.29946e-19
5.07213e-19
4.06199e-19
3.26664e-19
2.61269e-19
2.09858e-19
1.67629e-19
1.34481e-19
1.0728e-19
8.59618e-20
6.84857e-20
5.48099e-20
4.36102e-20
3.48594e-20
2.77001e-20
2.2115e-20
1.75501e-20
1.39945e-20
1.10913e-20
8.83346e-21
6.99177e-21
5.56168e-21
4.39635e-21
3.49287e-21
2.75738e-21
2.18805e-21
1.72504e-21
1.36719e-21
1.07647e-21
8.52118e-22
6.70032e-22
5.29742e-22
4.15993e-22
3.28491e-22
2.57614e-22
2.03177e-22
1.59127e-22
1.25348e-22
9.80414e-23
7.71349e-23
6.0251e-23
4.73449e-23
3.69324e-23
2.89856e-23
2.25807e-23
1.77002e-23
1.37706e-23
1.07811e-23
8.37631e-24
6.54978e-24
5.08201e-24
3.96895e-24
3.07539e-24
2.39886e-24
1.85629e-24
1.44616e-24
1.11756e-24
8.69573e-25
6.71082e-25
5.21524e-25
4.01936e-25
3.11974e-25
2.40112e-25
1.8614e-25
1.43069e-25
1.10773e-25
8.50258e-26
6.5751e-26
5.03997e-26
3.89262e-26
2.97973e-26
2.29855e-26
1.7571e-26
1.35374e-26
1.03344e-26
7.95214e-27
6.06233e-27
4.65909e-27
3.547e-27
2.7226e-27
2.0699e-27
1.58684e-27
1.20476e-27
9.22454e-28
6.99384e-28
5.34835e-28
4.04941e-28
3.09283e-28
2.33846e-28
1.78383e-28
1.34687e-28
1.02615e-28
7.73716e-29
5.8874e-29
4.43296e-29
3.36895e-29
2.53316e-29
1.92275e-29
1.44373e-29
1.09447e-29
8.20659e-30
6.21353e-30
4.65256e-30
3.51825e-30
2.63071e-30
1.98685e-30
1.48356e-30
1.11906e-30
8.34421e-31
6.28624e-31
4.68073e-31
3.52189e-31
2.61872e-31
1.96792e-31
1.4612e-31
1.09669e-31
8.13156e-32
6.09544e-32
4.51318e-32
3.37885e-32
2.49823e-32
1.86799e-32
1.37919e-32
1.02996e-32
7.59373e-33
5.6638e-33
4.16989e-33
3.10622e-33
2.28366e-33
1.699e-33
1.24731e-33
9.26813e-34
6.79444e-34
5.04225e-34
3.69119e-34
2.73584e-34
1.99991e-34
1.48043e-34
1.08066e-34
7.98949e-35
5.82364e-35
4.30011e-35
3.1299e-35
2.30817e-35
1.67762e-35
1.23562e-35
8.96777e-36
6.5967e-36
4.78078e-36
3.51229e-36
2.54173e-36
1.86494e-36
1.3476e-36
9.87456e-37
7.124e-37
5.21217e-37
3.75298e-37
2.73969e-37
1.96614e-37
1.42829e-37
1.01636e-37
7.27295e-38
5.02786e-38
3.39511e-38
2.06534e-38
9.88429e-39
0
