f = ( 
0
0
0
0
0
0
0
0
0
0
0
0
0
0
0
0
0
0
0
0
0
0
0
0
0
0
0
0
0
0
0
0
0
0
0
0
0
0
0
0
0
0
0
0
0
0
0
0
0
0
0
0
0
0
0
0
0
0
0
0
0
0
0
0
0
0
0
0
0
0
0
0
0
0
0
0
0
0
0
0
0
0
0
0
0
0
0
0
0
0
0
0
0
0
0
0
0
0
0
0
0
0
0
0
0
0
0
0
0
0
0
0
0
0
0
0
0
0
0
0
0
0
0
0
0
0
0
0
0
0
0
0
0
0
0
0
0
0
0
0
0
0
0
0
0
0
0
0
0
0
0
0
0
0
0
0
0
0
0
0
0
0
0
0
0
0
0
0
0
0
0
0
0
0
0
0
0
0
0
0
0
0
0
0
0
0
0
0
0
0
0
0
0
0
0
0
0
0
0
0
0
0
0
0
0
0
0
0
0
0
0
0
0
0
0
0
0
0
0
0
0
0
0
0
0
0
0
0
0
0
0
0
0
0
0
0
0
0
0
0
0
0
0
0
0
0
0
0
0
0
0
0
0
0
0
0
0
0
0
0
0
0
0
0
0
0
0
0
0
0
0
0
0
0
0
0
0
0
0
0
0
0
0
0
0
0
0
0
0
0
0
0
0
0
0
0
0
0
0
0
0
0
0
0
0
0
0
0
0
0
0
0
0
0
0
0
0
0
0
0
0
0
0
0
0
0
0
0
0
0
0
0
0
0
0
0
0
0
0
0
0
0
0
0
0
0
0
0
0
0
0
0
0
0
0
0
0
0
0
0
0
0
0
0
0
0
0
0
0
0
0
0
0
0
0
0
0
0
0
0
0
0
0
0
0
0
0
0
0
0
0
0
0
0
0
0
0
0
0
0
0
0
0
0
0
0
0
0
0
0
0
0
0
0
0
0
0
0
0
0
0
0
0
0
0
0
0
0
0
0
0
0
0
0
0
0
0
0
0
0
0
0
0
0
0
0
0
0
0
0
0
0
0
0
0
0
0
0
0
0
1
1
1
1
1
1
1
1
1
1
1
1
1
1
1
1
1
1
1
1
0
0
0
0
0
0
0
0
0
0
0
0
0
0
0
0
0
0
0
0
0
0
0
0
0
0
0
0
0
0
0
0
0
0
0
0
0
0
0
0
0
0
0
0
0
0
0
0
0
0
0
0
0
0
0
0
0
0
0
0
0
0
0
0
0
0
0
0
0
0
0
0
0
0
0
0
0
0
0
0
0
0
0
0
0
0
0
0
0
0
0
0
0
0
0
0
0
0
0
0
0
0
0
0
0
0
0
0
0
0
0
0
0
0
0
0
0
0
0
0
0
0
0
0
0
0
0
0
0
0
0
0
0
0
0
0
0
0
0
0
0
0
0
0
0
0
0
0
0
0
0
0
0
0
0
0
0
0
0
0
0
0
0
0
0
0
0
0
0
0
0
0
0
0
0
0
0
0
0
0
0
0
0
0
0
0
0
0
0
0
0
0
0
0
0
0
0
0
0
0
0
0
0
0
0
0
0
0
0
0
0
0
0
0
0
0
0
0
0
0
0
0
0
0
0
0
0
0
0
0
0
0
0
0
0
0
0
0
0
0
0
0
0
0
0
0
0
0
0
0
0
0
0
0
0
0
0
0
0
0
0
0
0
0
0
0
0
0
0
0
0
0
0
0
0
0
0
0
0
0
0
0
0
0
0
0
0
0
0
0
0
0
0
0
0
0
0
0
0
0
0
0
0
0
0
0
0
0
0
0
0
0
0
0
0
0
0
0
0
0
0
0
0
0
0
0
0
0
0
0
0
0
0
0
0
0
0
0
0
0
0
0
0
0
0
0
0
0
0
0
0
0
0
0
0
0
0
0
0
0
0
0
0
0
0
0
0
0
0
0
0
0
0
0
0
0
0
0
0
0
0
0
0
0
0
0
0
0
0
0
0
0
0
0
0
0
0
0
0
0
0
0
0
0
0
0
0
0
0
0
0
0
0
0
0
0
0
0
0
0
0
0
0
0
0
0
0
0
0
0
0
0
0
0
0
0
0
0
0
0
0
0
0
0
0
0
0
0
0
0
0
0
0
0
0
0
0
0
0
0
0
0
0
0
0
0
0
0
0
0
0
0
0
0
0
0
0
0
0
0
0
0
0
0
0
0
0
0
0
0
0
0
0
0
0
0
0
0
0
0
0
0
0
0
0
0
0
0
0
0
0
0
0
0
0
0
0
0
0
0
)
x = ( 
10.5994
21.1988
31.7982
42.3976
52.997
63.5964
74.1958
84.7952
95.3946
105.994
116.593
127.193
137.792
148.392
158.991
169.59
180.19
190.789
201.389
211.988
222.587
233.187
243.786
254.386
264.985
275.584
286.184
296.783
307.383
317.982
328.581
339.181
349.78
360.38
370.979
381.578
392.178
402.777
413.377
423.976
434.575
445.175
455.774
466.374
476.973
487.572
498.172
508.771
519.371
529.97
540.569
551.169
561.768
572.368
582.967
593.566
604.166
614.765
625.365
635.964
646.563
657.163
667.762
678.362
688.961
699.56
710.16
720.759
731.359
741.958
752.557
763.157
773.756
784.356
794.955
805.554
816.154
826.753
837.353
847.952
858.551
869.151
879.75
890.35
900.949
911.548
922.148
932.747
943.347
953.946
964.545
975.145
985.744
996.344
1006.94
1017.54
1028.14
1038.74
1049.34
1059.94
1070.54
1081.14
1091.74
1102.34
1112.94
1123.54
1134.14
1144.74
1155.33
1165.93
1176.53
1187.13
1197.73
1208.33
1218.93
1229.53
1240.13
1250.73
1261.33
1271.93
1282.53
1293.13
1303.73
1314.33
1324.93
1335.52
1346.12
1356.72
1367.32
1377.92
1388.52
1399.12
1409.72
1420.32
1430.92
1441.52
1452.12
1462.72
1473.32
1483.92
1494.52
1505.11
1515.71
1526.31
1536.91
1547.51
1558.11
1568.71
1579.31
1589.91
1600.51
1611.11
1621.71
1632.31
1642.91
1653.51
1664.11
1674.71
1685.3
1695.9
1706.5
1717.1
1727.7
1738.3
1748.9
1759.5
1770.1
1780.7
1791.3
1801.9
1812.5
1823.1
1833.7
1844.3
1854.9
1865.49
1876.09
1886.69
1897.29
1907.89
1918.49
1929.09
1939.69
1950.29
1960.89
1971.49
1982.09
1992.69
2003.29
2013.89
2024.49
2035.08
2045.68
2056.28
2066.88
2077.48
2088.08
2098.68
2109.28
2119.88
2130.48
2141.08
2151.68
2162.28
2172.88
2183.48
2194.08
2204.68
2215.27
2225.87
2236.47
2247.07
2257.67
2268.27
2278.87
2289.47
2300.07
2310.67
2321.27
2331.87
2342.47
2353.07
2363.67
2374.27
2384.87
2395.46
2406.06
2416.66
2427.26
2437.86
2448.46
2459.06
2469.66
2480.26
2490.86
2501.46
2512.06
2522.66
2533.26
2543.86
2554.46
2565.05
2575.65
2586.25
2596.85
2607.45
2618.05
2628.65
2639.25
2649.85
2660.45
2671.05
2681.65
2692.25
2702.85
2713.45
2724.05
2734.65
2745.24
2755.84
2766.44
2777.04
2787.64
2798.24
2808.84
2819.44
2830.04
2840.64
2851.24
2861.84
2872.44
2883.04
2893.64
2904.24
2914.84
2925.43
2936.03
2946.63
2957.23
2967.83
2978.43
2989.03
2999.63
3010.23
3020.83
3031.43
3042.03
3052.63
3063.23
3073.83
3084.43
3095.02
3105.62
3116.22
3126.82
3137.42
3148.02
3158.62
3169.22
3179.82
3190.42
3201.02
3211.62
3222.22
3232.82
3243.42
3254.02
3264.62
3275.21
3285.81
3296.41
3307.01
3317.61
3328.21
3338.81
3349.41
3360.01
3370.61
3381.21
3391.81
3402.41
3413.01
3423.61
3434.21
3444.81
3455.4
3466
3476.6
3487.2
3497.8
3508.4
3519
3529.6
3540.2
3550.8
3561.4
3572
3582.6
3593.2
3603.8
3614.4
3625
3635.59
3646.19
3656.79
3667.39
3677.99
3688.59
3699.19
3709.79
3720.39
3730.99
3741.59
3752.19
3762.79
3773.39
3783.99
3794.59
3805.18
3815.78
3826.38
3836.98
3847.58
3858.18
3868.78
3879.38
3889.98
3900.58
3911.18
3921.78
3932.38
3942.98
3953.58
3964.18
3974.78
3985.37
3995.97
4006.57
4017.17
4027.77
4038.37
4048.97
4059.57
4070.17
4080.77
4091.37
4101.97
4112.57
4123.17
4133.77
4144.37
4154.97
4165.56
4176.16
4186.76
4197.36
4207.96
4218.56
4229.16
4239.76
4250.36
4260.96
4271.56
4282.16
4292.76
4303.36
4313.96
4324.56
4335.15
4345.75
4356.35
4366.95
4377.55
4388.15
4398.75
4409.35
4419.95
4430.55
4441.15
4451.75
4462.35
4472.95
4483.55
4494.15
4504.75
4515.34
4525.94
4536.54
4547.14
4557.74
4568.34
4578.94
4589.54
4600.14
4610.74
4621.34
4631.94
4642.54
4653.14
4663.74
4674.34
4684.94
4695.53
4706.13
4716.73
4727.33
4737.93
4748.53
4759.13
4769.73
4780.33
4790.93
4801.53
4812.13
4822.73
4833.33
4843.93
4854.53
4865.12
4875.72
4886.32
4895.92
4904.52
4912.12
4918.72
4924.32
4928.92
4932.52
4935.12
4936.72
4937.32
4936.92
4935.52
4933.12
4929.72
4925.31
4919.91
4913.51
4906.11
4897.71
4888.31
4878.91
4869.51
4860.11
4850.71
4841.31
4831.91
4822.51
4813.11
4803.71
4794.31
4784.91
4775.5
4766.1
4756.7
4747.3
4737.9
4728.5
4719.1
4709.7
4700.3
4690.9
4681.5
4672.1
4662.7
4653.3
4643.9
4634.5
4625.09
4615.69
4606.29
4596.89
4587.49
4578.09
4568.69
4559.29
4549.89
4540.49
4531.09
4521.69
4512.29
4502.89
4493.49
4484.09
4474.69
4465.28
4455.88
4446.48
4437.08
4427.68
4418.28
4408.88
4399.48
4390.08
4380.68
4371.28
4361.88
4352.48
4343.08
4333.68
4324.28
4314.88
4305.47
4296.07
4286.67
4277.27
4267.87
4258.47
4249.07
4239.67
4230.27
4220.87
4211.47
4202.07
4192.67
4183.27
4173.87
4164.47
4155.06
4145.66
4136.26
4126.86
4117.46
4108.06
4098.66
4089.26
4079.86
4070.46
4061.06
4051.66
4042.26
4032.86
4023.46
4014.06
4004.66
3995.25
3985.85
3976.45
3967.05
3957.65
3948.25
3938.85
3929.45
3920.05
3910.65
3901.25
3891.85
3882.45
3873.05
3863.65
3854.25
3844.85
3835.44
3826.04
3816.64
3807.24
3797.84
3788.44
3779.04
3769.64
3760.24
3750.84
3741.44
3732.04
3722.64
3713.24
3703.84
3694.44
3685.03
3675.63
3666.23
3656.83
3647.43
3638.03
3628.63
3619.23
3609.83
3600.43
3591.03
3581.63
3572.23
3562.83
3553.43
3544.03
3534.63
3525.22
3515.82
3506.42
3497.02
3487.62
3478.22
3468.82
3459.42
3450.02
3440.62
3431.22
3421.82
3412.42
3403.02
3393.62
3384.22
3374.82
3365.41
3356.01
3346.61
3337.21
3327.81
3318.41
3309.01
3299.61
3290.21
3280.81
3271.41
3262.01
3252.61
3243.21
3233.81
3224.41
3215
3205.6
3196.2
3186.8
3177.4
3168
3158.6
3149.2
3139.8
3130.4
3121
3111.6
3102.2
3092.8
3083.4
3074
3064.6
3055.19
3045.79
3036.39
3026.99
3017.59
3008.19
2998.79
2989.39
2979.99
2970.59
2961.19
2951.79
2942.39
2932.99
2923.59
2914.19
2904.79
2895.38
2885.98
2876.58
2867.18
2857.78
2848.38
2838.98
2829.58
2820.18
2810.78
2801.38
2791.98
2782.58
2773.18
2763.78
2754.38
2744.98
2735.57
2726.17
2716.77
2707.37
2697.97
2688.57
2679.17
2669.77
2660.37
2650.97
2641.57
2632.17
2622.77
2613.37
2603.97
2594.57
2585.16
2575.76
2566.36
2556.96
2547.56
2538.16
2528.76
2519.36
2509.96
2500.56
2491.16
2481.76
2472.36
2462.96
2453.56
2444.16
2434.76
2425.35
2415.95
2406.55
2397.15
2387.75
2378.35
2368.95
2359.55
2350.15
2340.75
2331.35
2321.95
2312.55
2303.15
2293.75
2284.35
2274.95
2265.54
2256.14
2246.74
2237.34
2227.94
2218.54
2209.14
2199.74
2190.34
2180.94
2171.54
2162.14
2152.74
2143.34
2133.94
2124.54
2115.13
2105.73
2096.33
2086.93
2077.53
2068.13
2058.73
2049.33
2039.93
2030.53
2021.13
2011.73
2002.33
1992.93
1983.53
1974.13
1964.73
1955.32
1945.92
1936.52
1927.12
1917.72
1908.32
1898.92
1889.52
1880.12
1870.72
1861.32
1851.92
1842.52
1833.12
1823.72
1814.32
1804.92
1795.51
1786.11
1776.71
1767.31
1757.91
1748.51
1739.11
1729.71
1720.31
1710.91
1701.51
1692.11
1682.71
1673.31
1663.91
1654.51
1645.1
1635.7
1626.3
1616.9
1607.5
1598.1
1588.7
1579.3
1569.9
1560.5
1551.1
1541.7
1532.3
1522.9
1513.5
1504.1
1494.7
1485.29
1475.89
1466.49
1457.09
1447.69
1438.29
1428.89
1419.49
1410.09
1400.69
1391.29
1381.89
1372.49
1363.09
1353.69
1344.29
1334.89
1325.48
1316.08
1306.68
1297.28
1287.88
1278.48
1269.08
1259.68
1250.28
1240.88
1231.48
1222.08
1212.68
1203.28
1193.88
1184.48
1175.07
1165.67
1156.27
1146.87
1137.47
1128.07
1118.67
1109.27
1099.87
1090.47
1081.07
1071.67
1062.27
1052.87
1043.47
1034.07
1024.67
1015.26
1005.86
996.464
987.063
977.662
968.262
958.861
949.461
940.06
930.659
921.259
911.858
902.458
893.057
883.656
874.256
864.855
855.455
846.054
836.653
827.253
817.852
808.452
799.051
789.65
780.25
770.849
761.449
752.048
742.647
733.247
723.846
714.446
705.045
695.644
686.244
676.843
667.443
658.042
648.641
639.241
629.84
620.44
611.039
601.638
592.238
582.837
573.437
564.036
554.635
545.235
535.834
526.434
517.033
507.632
498.232
488.831
479.431
470.03
460.629
451.229
441.828
432.428
423.027
413.626
404.226
394.825
385.425
376.024
366.623
357.223
347.822
338.422
329.021
319.62
310.22
300.819
291.419
282.018
272.617
263.217
253.816
244.416
235.015
225.614
216.214
206.813
197.413
188.012
178.611
169.211
159.81
150.41
141.009
131.608
122.208
112.807
103.407
94.006
84.6054
75.2048
65.8042
56.4036
47.003
37.6024
28.2018
18.8012
9.4006
)
e = 8.42144e-012
