1.0
2.997419583097993
2.475454580473199
2.0511499768238894
1.695285833506187
1.389178501763982
1.4169456000815972
1.6237789930192073
1.3707222525410931
1.1660890760081892
0.996296302950749
0.8525442892426586
1.0237434591427712
0.8702399398494011
0.7471503101373956
0.6459036077855835
0.5609670827427903
0.5496814402483522
0.539038965536525
0.4652624817929172
0.40458868428885914
0.3537345424117902
0.3104727430735424
0.3307588090454017
0.2865025018214715
0.25003932018896
0.21944194139009868
0.1933950672553373
0.1851550479892757
0.17564477439259257
0.15363911645394088
0.135151243061976
0.1193991186116083
0.10582767886410456
0.10749370867784662
0.09415503986464063
0.08294134369192901
0.07338221744628923
0.06514313057275348
0.06158585673739555
0.0576271300932233
0.05080331520549457
0.044986415263183206
0.03997273915274693
0.03561303041119416
0.03524858243932369
0.03108466562048951
0.02753702569498474
0.024480471016352957
0.02182336440486377
0.020467436736691
0.019008074746553624
0.01684031442864815
0.014974081981514417
0.013352708281372212
0.011933700514982151
0.011619721160750367
0.010292905374092939
0.009151941432870944
0.008161557745537163
0.007295380264930621
0.00680434562640126
0.00628906635454908
0.005590667589952299
0.004985145812082702
0.004456047467200426
0.003990816070047978
0.0038421219229117674
0.003414126670075322
0.003043578257643959
0.0027201631712429103
0.00243604053929156
0.0022628738193786885
0.002084619574465558
0.0018576604890102684
0.0016598364988909778
0.0014862320495248663
0.0013330428331199571
0.0012727900472343952
0.0011336516152039547
0.001012563367638764
0.000906431912409521
0.0008128736800689899
0.0007527513846882378
0.0006917817391035374
0.0006176087982544629
0.0005526899430610923
0.0004955268501774521
0.0004449464319304107
0.0004221551976624536
0.00037668459253568
0.0003369507841620772
0.00030200883768917376
0.00027112244944571984
0.00025045575451950754
0.00022974602596205002
0.0002054108471098856
0.00018404125548747964
0.00016517376116978588
0.00014844192448716848
0.00014013689245338047
0.00012522202945652845
0.0001121457169735393
0.0001006153380169486
9.040069877984009e-05

