0.973665
0.958135
0.946307
0.936251
0.927263
0.919014
0.911315
0.904048
0.897134
0.890514
0.884145
0.877995
0.872036
0.866249
0.860616
0.855124
0.849761
0.844517
0.839384
0.834355
0.829423
0.824584
0.819833
0.815166
0.810578
0.806067
0.801629
0.797262
0.792963
0.78873
0.78456
0.780452
0.776404
0.772413
0.768479
0.764599
0.760773
0.756997
0.753272
0.749596
0.745968
0.742386
0.738849
0.735357
0.731907
0.7285
0.725133
0.721807
0.71852
0.715271
0.712059
0.708885
0.705746
0.702641
0.699572
0.696535
0.693532
0.69056
0.68762
0.684711
0.681832
0.678983
0.676162
0.67337
0.670606
0.667869
0.665159
0.662475
0.659817
0.657184
0.654576
0.651992
0.649432
0.646896
0.644383
0.641892
0.639424
0.636977
0.634552
0.632148
0.629765
0.627402
0.625059
0.622736
0.620432
0.618148
0.615882
0.613634
0.611405
0.609194
0.607
0.604823
0.602664
0.600521
0.598395
0.596285
0.594191
0.592112
0.59005
0.588002
0.58597
0.583953
0.58195
0.579962
0.577988
0.576028
0.574082
0.572149
0.57023
0.568324
0.566432
0.564552
0.562685
0.56083
0.558988
0.557159
0.555341
0.553535
0.551741
0.549959
0.548188
0.546428
0.54468
0.542943
0.541216
0.539501
0.537796
0.536101
0.534417
0.532744
0.53108
0.529426
0.527783
0.526149
0.524525
0.52291
0.521305
0.519709
0.518122
0.516545
0.514977
0.513417
0.511867
0.510325
0.508792
0.507267
0.505751
0.504243
0.502743
0.501252
0.499769
0.498294
0.496826
0.495367
0.493915
0.492471
0.491035
0.489606
0.488185
0.486771
0.485365
0.483965
0.482573
0.481188
0.47981
0.478439
0.477075
0.475718
0.474367
0.473023
0.471686
0.470356
0.469032
0.467714
0.466403
0.465098
0.4638
0.462507
0.461221
0.459941
0.458667
0.457399
0.456137
0.454881
0.453631
0.452387
0.451148
0.449915
0.448688
0.447466
0.44625
0.445039
0.443834
0.442634
0.44144
0.440251
0.439067
0.437889
0.436716
0.435547
0.434384
0.433227
0.432074
0.430926
0.429783
0.428645
0.427512
0.426383
0.42526
0.424141
0.423027
0.421918
0.420813
0.419713
0.418618
0.417527
0.41644
0.415359
0.414281
0.413208
0.41214
0.411075
0.410015
0.40896
0.407908
0.406861
0.405818
0.404779
0.403745
0.402714
0.401688
0.400665
0.399647
0.398632
0.397622
0.396616
0.395613
0.394614
0.393619
0.392628
0.391641
0.390658
0.389678
0.388702
0.38773
0.386762
0.385797
0.384836
0.383878
0.382924
0.381973
0.381026
0.380083
0.379143
0.378207
0.377274
0.376344
0.375418
0.374495
0.373576
0.37266
0.371747
0.370838
0.369931
0.369029
0.368129
0.367233
0.366339
0.365449
0.364562
0.363679
0.362798
0.36192
0.361046
0.360175
0.359306
0.358441
0.357579
0.35672
0.355863
0.35501
0.35416
0.353312
0.352468
0.351626
0.350787
0.349951
0.349118
0.348288
0.347461
0.346636
0.345814
0.344995
0.344179
0.343365
0.342555
0.341746
0.340941
0.340138
0.339338
0.338541
0.337746
0.336954
0.336164
0.335377
0.334593
0.333811
0.333031
0.332254
0.33148
0.330708
0.329939
0.329172
0.328408
0.327646
0.326887
0.32613
0.325375
0.324623
0.323873
0.323126
0.322381
0.321638
0.320898
0.32016
0.319424
0.318691
0.31796
0.317231
0.316505
0.31578
0.315058
0.314339
0.313621
0.312906
0.312193
0.311482
0.310773
0.310067
0.309362
0.30866
0.30796
0.307262
0.306566
0.305873
0.305181
0.304492
0.303804
0.303119
0.302436
0.301755
0.301076
0.300398
0.299723
0.29905
0.298379
0.29771
0.297043
0.296378
0.295715
0.295054
0.294395
0.293737
0.293082
0.292429
0.291777
0.291128
0.29048
0.289834
0.28919
0.288548
0.287908
0.28727
0.286634
0.285999
0.285366
0.284735
0.284106
0.283479
0.282854
0.28223
0.281608
0.280988
0.28037
0.279753
0.279138
0.278525
0.277914
0.277304
0.276696
0.27609
0.275486
0.274883
0.274282
0.273682
0.273085
0.272489
0.271894
0.271302
0.270711
0.270121
0.269534
0.268948
0.268363
0.26778
0.267199
0.26662
0.266042
0.265465
0.26489
0.264317
0.263745
0.263175
0.262607
0.26204
0.261474
0.260911
0.260348
0.259787
0.259228
0.25867
0.258114
0.257559
0.257006
0.256455
0.255904
0.255355
0.254808
0.254262
0.253718
0.253175
0.252634
0.252094
0.251555
0.251018
0.250483
0.249948
0.249415
0.248884
0.248354
0.247826
0.247298
0.246773
0.246248
0.245725
0.245204
0.244683
0.244165
0.243647
0.243131
0.242616
0.242103
0.241591
0.24108
0.24057
0.240062
0.239555
0.23905
0.238546
0.238043
0.237542
0.237041
0.236542
0.236045
0.235548
0.235053
0.23456
0.234067
0.233576
0.233086
0.232597
0.23211
0.231623
0.231138
0.230655
0.230172
0.229691
0.229211
0.228732
0.228254
0.227778
0.227303
0.226829
0.226356
0.225884
0.225414
0.224945
0.224477
0.22401
0.223544
0.22308
0.222617
0.222154
0.221693
0.221234
0.220775
0.220317
0.219861
0.219406
0.218952
0.218499
0.218047
0.217596
0.217147
0.216698
0.216251
0.215804
0.215359
0.214915
0.214472
0.21403
0.21359
0.21315
0.212711
0.212274
0.211838
0.211402
0.210968
0.210535
0.210102
0.209671
0.209241
0.208812
0.208384
0.207957
0.207532
0.207107
0.206683
0.20626
0.205839
0.205418
0.204998
0.204579
0.204162
0.203745
0.20333
0.202915
0.202501
0.202089
0.201677
0.201266
0.200857
0.200448
0.20004
0.199634
0.199228
0.198823
0.19842
0.198017
0.197615
0.197214
0.196814
0.196415
0.196017
0.19562
0.195224
0.194829
0.194434
0.194041
0.193649
0.193257
0.192867
0.192477
0.192089
0.191701
0.191314
0.190928
0.190543
0.190159
0.189776
0.189394
0.189012
0.188632
0.188252
0.187873
0.187496
0.187119
0.186743
0.186367
0.185993
0.18562
0.185247
0.184876
0.184505
0.184135
0.183766
0.183398
0.18303
0.182664
0.182298
0.181933
0.181569
0.181206
0.180844
0.180483
0.180122
0.179762
0.179403
0.179045
0.178688
0.178331
0.177976
0.177621
0.177267
0.176914
0.176562
0.17621
0.175859
0.175509
0.17516
0.174812
0.174464
0.174118
0.173772
0.173427
0.173082
0.172739
0.172396
0.172054
0.171713
0.171372
0.171033
0.170694
0.170356
0.170018
0.169682
0.169346
0.169011
0.168676
0.168343
0.16801
0.167678
0.167347
0.167016
0.166686
0.166357
0.166029
0.165701
0.165375
0.165049
0.164723
0.164399
0.164075
0.163751
0.163429
0.163107
0.162786
0.162466
0.162146
0.161828
0.16151
0.161192
0.160875
0.160559
0.160244
0.15993
0.159616
0.159302
0.15899
0.158678
0.158367
0.158057
0.157747
0.157438
0.15713
0.156822
0.156515
0.156209
0.155903
0.155598
0.155294
0.15499
0.154687
0.154385
0.154084
0.153783
0.153482
0.153183
0.152884
0.152586
0.152288
0.151991
0.151695
0.151399
0.151104
0.15081
0.150516
0.150223
0.149931
0.149639
0.149348
0.149057
0.148767
0.148478
0.148189
0.147901
0.147614
0.147327
0.147041
0.146756
0.146471
0.146187
0.145903
0.14562
0.145338
0.145056
0.144775
0.144494
0.144215
0.143935
0.143657
0.143378
0.143101
0.142824
0.142548
0.142272
0.141997
0.141723
0.141449
0.141175
0.140903
0.14063
0.140359
0.140088
0.139818
0.139548
0.139279
0.13901
0.138742
0.138474
0.138207
0.137941
0.137675
0.13741
0.137146
0.136881
0.136618
0.136355
0.136093
0.135831
0.13557
0.135309
0.135049
0.134789
0.13453
0.134272
0.134014
0.133757
0.1335
0.133244
0.132988
0.132733
0.132478
0.132224
0.13197
0.131717
0.131465
0.131213
0.130962
0.130711
0.130461
0.130211
0.129961
0.129713
0.129465
0.129217
0.12897
0.128723
0.128477
0.128231
0.127986
0.127742
0.127498
0.127254
0.127011
0.126769
0.126527
0.126285
0.126044
0.125804
0.125564
0.125324
0.125086
0.124847
0.124609
0.124372
0.124135
0.123898
0.123662
0.123427
0.123192
0.122958
0.122724
0.12249
0.122257
0.122025
0.121793
0.121561
0.12133
0.121099
0.120869
0.12064
0.120411
0.120182
0.119954
0.119726
0.119499
0.119272
0.119046
0.11882
0.118595
0.11837
0.118146
0.117922
0.117698
0.117475
0.117253
0.117031
0.116809
0.116588
0.116367
0.116147
0.115927
0.115708
0.115489
0.115271
0.115053
0.114835
0.114618
0.114401
0.114185
0.11397
0.113754
0.113539
0.113325
0.113111
0.112898
0.112685
0.112472
0.11226
0.112048
0.111837
0.111626
0.111415
0.111205
0.110996
0.110787
0.110578
0.11037
0.110162
0.109954
0.109747
0.109541
0.109335
0.109129
0.108924
0.108719
0.108514
0.10831
0.108107
0.107903
0.107701
0.107498
0.107296
0.107095
0.106893
0.106693
0.106492
0.106293
0.106093
0.105894
0.105695
0.105497
0.105299
0.105102
0.104904
0.104708
0.104512
0.104316
0.10412
0.103925
0.10373
0.103536
0.103342
0.103149
0.102956
0.102763
0.102571
0.102379
0.102187
0.101996
0.101805
0.101615
0.101425
0.101235
0.101046
0.100857
0.100669
0.10048
0.100293
0.100105
0.0999185
0.0997319
0.0995458
0.0993599
0.0991745
0.0989894
0.0988047
0.0986204
0.0984365
0.0982529
0.0980697
0.0978869
0.0977044
0.0975223
0.0973405
0.0971592
0.0969782
0.0967975
0.0966173
0.0964373
0.0962578
0.0960786
0.0958998
0.0957213
0.0955432
0.0953654
0.095188
0.095011
0.0948343
0.0946579
0.0944819
0.0943063
0.094131
0.0939561
0.0937815
0.0936073
0.0934334
0.0932599
0.0930867
0.0929139
0.0927414
0.0925692
0.0923974
0.0922259
0.0920548
0.0918841
0.0917136
0.0915435
0.0913738
0.0912043
0.0910353
0.0908665
0.0906981
0.09053
0.0903623
0.0901949
0.0900278
0.0898611
0.0896947
0.0895286
0.0893628
0.0891974
0.0890323
0.0888676
0.0887031
0.088539
0.0883752
0.0882118
0.0880487
0.0878859
0.0877234
0.0875612
0.0873994
0.0872378
0.0870766
0.0869158
0.0867552
0.0865949
0.086435
0.0862754
0.0861161
0.0859571
0.0857985
0.0856401
0.0854821
0.0853243
0.0851669
0.0850098
0.084853
0.0846965
0.0845404
0.0843845
0.0842289
0.0840737
0.0839187
0.0837641
0.0836097
0.0834557
0.083302
0.0831485
0.0829954
0.0828426
0.0826901
0.0825378
0.0823859
0.0822343
0.082083
0.0819319
0.0817812
0.0816308
0.0814806
0.0813308
0.0811812
0.081032
0.080883
0.0807343
0.0805859
0.0804378
0.08029
0.0801425
0.0799953
0.0798484
0.0797017
0.0795554
0.0794093
0.0792635
0.079118
0.0789728
0.0788279
0.0786832
0.0785388
0.0783948
0.078251
0.0781074
0.0779642
0.0778212
0.0776785
0.0775361
0.077394
0.0772522
0.0771106
0.0769693
0.0768283
0.0766875
0.0765471
0.0764069
0.0762669
0.0761273
0.0759879
0.0758488
0.07571
0.0755714
0.0754331
0.0752951
0.0751573
0.0750198
0.0748826
0.0747456
0.0746089
0.0744725
0.0743363
0.0742005
0.0740648
0.0739294
0.0737943
0.0736595
0.0735249
0.0733906
0.0732565
0.0731227
0.0729892
0.0728559
0.0727229
0.0725901
0.0724576
0.0723253
0.0721934
0.0720616
0.0719301
0.0717989
0.0716679
0.0715372
0.0714067
0.0712765
0.0711465
0.0710168
0.0708873
0.0707581
0.0706292
0.0705004
0.070372
0.0702437
0.0701158
0.069988
0.0698606
0.0697333
0.0696063
0.0694796
0.0693531
0.0692268
0.0691008
0.0689751
0.0688495
0.0687243
0.0685992
0.0684744
0.0683498
0.0682255
0.0681014
0.0679776
0.067854
0.0677306
0.0676075
0.0674846
0.0673619
0.0672395
0.0671173
0.0669954
0.0668736
0.0667521
0.0666309
0.0665099
0.0663891
0.0662685
0.0661482
0.0660281
0.0659082
0.0657886
0.0656692
0.06555
0.0654311
0.0653124
0.0651939
0.0650756
0.0649576
0.0648398
0.0647222
0.0646048
0.0644877
0.0643708
0.0642541
0.0641376
0.0640214
0.0639053
0.0637895
0.063674
0.0635586
0.0634435
0.0633285
0.0632138
0.0630994
0.0629851
0.0628711
0.0627572
0.0626436
0.0625302
0.0624171
0.0623041
0.0621914
0.0620788
0.0619665
0.0618544
0.0617425
0.0616309
0.0615194
0.0614082
0.0612971
0.0611863
0.0610757
0.0609653
0.0608551
0.0607451
0.0606353
0.0605258
0.0604164
0.0603073
0.0601983
0.0600896
0.0599811
0.0598727
0.0597646
0.0596567
0.059549
0.0594415
0.0593342
0.0592271
0.0591202
0.0590135
0.058907
0.0588008
0.0586947
0.0585888
0.0584831
0.0583776
0.0582724
0.0581673
0.0580624
0.0579577
0.0578532
0.057749
0.0576449
0.057541
0.0574373
0.0573338
0.0572305
0.0571274
0.0570245
0.0569217
0.0568192
0.0567169
0.0566148
0.0565128
0.0564111
0.0563095
0.0562081
0.056107
0.056006
0.0559052
0.0558046
0.0557042
0.055604
0.0555039
0.0554041
0.0553044
0.055205
0.0551057
0.0550066
0.0549077
0.054809
0.0547104
0.0546121
0.0545139
0.0544159
0.0543181
0.0542205
0.0541231
0.0540259
0.0539288
0.0538319
0.0537352
0.0536387
0.0535424
0.0534462
0.0533503
0.0532545
0.0531589
0.0530634
0.0529682
0.0528731
0.0527782
0.0526835
0.052589
0.0524946
0.0524005
0.0523065
0.0522126
0.052119
0.0520255
0.0519322
0.0518391
0.0517461
0.0516534
0.0515608
0.0514683
0.0513761
0.051284
0.0511921
0.0511003
0.0510088
0.0509174
0.0508262
0.0507351
0.0506442
0.0505535
0.050463
0.0503726
0.0502824
0.0501924
0.0501025
0.0500128
0.0499233
0.0498339
0.0497447
0.0496557
0.0495669
0.0494782
0.0493896
0.0493013
0.0492131
0.0491251
0.0490372
0.0489495
0.0488619
0.0487746
0.0486873
0.0486003
0.0485134
0.0484267
0.0483401
0.0482537
0.0481675
0.0480814
0.0479955
0.0479097
0.0478241
0.0477387
0.0476534
0.0475683
0.0474833
0.0473985
0.0473139
0.0472294
0.047145
0.0470609
0.0469769
0.046893
0.0468093
0.0467257
0.0466423
0.0465591
0.046476
0.0463931
0.0463103
0.0462277
0.0461452
0.0460629
0.0459808
0.0458987
0.0458169
0.0457352
0.0456536
0.0455722
0.045491
0.0454099
0.0453289
0.0452481
0.0451675
0.045087
0.0450067
0.0449265
0.0448464
0.0447665
0.0446868
0.0446072
0.0445277
0.0444484
0.0443692
0.0442902
0.0442113
0.0441326
0.044054
0.0439756
0.0438973
0.0438192
0.0437412
0.0436633
0.0435856
0.0435081
0.0434306
0.0433534
0.0432762
0.0431992
0.0431224
0.0430457
0.0429691
0.0428927
0.0428164
0.0427403
0.0426643
0.0425884
0.0425127
0.0424371
0.0423617
0.0422864
0.0422112
0.0421362
0.0420613
0.0419866
0.041912
0.0418375
0.0417632
0.041689
0.0416149
0.041541
0.0414672
0.0413936
0.0413201
0.0412467
0.0411735
0.0411004
0.0410274
0.0409545
0.0408818
0.0408093
0.0407368
0.0406645
0.0405924
0.0405204
0.0404484
0.0403767
0.040305
0.0402335
0.0401622
0.0400909
0.0400198
0.0399488
0.039878
0.0398073
0.0397367
0.0396662
0.0395959
0.0395257
0.0394556
0.0393857
0.0393159
0.0392462
0.0391767
0.0391072
0.0390379
0.0389688
0.0388997
0.0388308
0.038762
0.0386933
0.0386248
0.0385564
0.0384881
0.0384199
0.0383519
0.038284
0.0382162
0.0381486
0.038081
0.0380136
0.0379463
0.0378791
0.0378121
0.0377452
0.0376784
0.0376117
0.0375452
0.0374787
0.0374124
0.0373462
0.0372802
0.0372142
0.0371484
0.0370827
0.0370171
0.0369517
0.0368863
0.0368211
0.036756
0.036691
0.0366261
0.0365614
0.0364968
0.0364323
0.0363679
0.0363036
0.0362394
0.0361754
0.0361115
0.0360477
0.035984
0.0359204
0.035857
0.0357936
0.0357304
0.0356673
0.0356043
0.0355414
0.0354787
0.035416
0.0353535
0.0352911
0.0352288
0.0351666
0.0351045
0.0350426
0.0349807
0.034919
0.0348573
0.0347958
0.0347344
0.0346732
0.034612
0.0345509
0.03449
0.0344291
0.0343684
0.0343078
0.0342473
0.0341869
0.0341266
0.0340664
0.0340063
0.0339464
0.0338865
0.0338268
0.0337672
0.0337076
0.0336482
0.0335889
0.0335297
0.0334706
0.0334117
0.0333528
0.033294
0.0332354
0.0331768
0.0331184
0.03306
0.0330018
0.0329437
0.0328856
0.0328277
0.0327699
0.0327122
0.0326546
0.0325971
0.0325397
0.0324824
0.0324252
0.0323682
0.0323112
0.0322543
0.0321976
0.0321409
0.0320843
0.0320279
0.0319715
0.0319153
0.0318591
0.0318031
0.0317471
0.0316913
0.0316355
0.0315799
0.0315243
0.0314689
0.0314136
0.0313583
0.0313032
0.0312481
0.0311932
0.0311384
0.0310836
0.031029
0.0309744
0.03092
0.0308656
0.0308114
0.0307573
0.0307032
0.0306493
0.0305954
0.0305416
0.030488
0.0304344
0.030381
0.0303276
0.0302743
0.0302212
0.0301681
0.0301151
0.0300622
0.0300094
0.0299567
0.0299041
0.0298516
0.0297992
0.0297469
0.0296947
0.0296426
0.0295905
0.0295386
0.0294868
0.029435
0.0293834
0.0293318
0.0292803
0.029229
0.0291777
0.0291265
0.0290754
0.0290244
0.0289735
0.0289227
0.0288719
0.0288213
0.0287708
0.0287203
0.0286699
0.0286197
0.0285695
0.0285194
0.0284694
0.0284195
0.0283697
0.0283199
0.0282703
0.0282208
0.0281713
0.0281219
0.0280727
0.0280235
0.0279744
0.0279253
0.0278764
0.0278276
0.0277788
0.0277302
0.0276816
0.0276331
0.0275847
0.0275364
0.0274882
0.02744
0.027392
0.027344
0.0272962
0.0272484
0.0272007
0.027153
0.0271055
0.0270581
0.0270107
0.0269634
0.0269162
0.0268691
0.0268221
0.0267752
0.0267283
0.0266816
0.0266349
0.0265883
0.0265418
0.0264953
0.026449
0.0264027
0.0263565
0.0263104
0.0262644
0.0262185
0.0261726
0.0261269
0.0260812
0.0260356
0.0259901
0.0259446
0.0258993
0.025854
0.0258088
0.0257637
0.0257186
0.0256737
0.0256288
0.025584
0.0255393
0.0254947
0.0254502
0.0254057
0.0253613
0.025317
0.0252728
0.0252286
0.0251845
0.0251406
0.0250966
0.0250528
0.0250091
0.0249654
0.0249218
0.0248783
0.0248348
0.0247915
0.0247482
0.024705
0.0246618
0.0246188
0.0245758
0.0245329
0.0244901
0.0244473
0.0244047
0.0243621
0.0243196
0.0242771
0.0242348
0.0241925
0.0241503
0.0241081
0.0240661
0.0240241
0.0239822
0.0239404
0.0238986
0.0238569
0.0238153
0.0237738
0.0237323
0.0236909
0.0236496
0.0236084
0.0235672
0.0235261
0.0234851
0.0234442
0.0234033
0.0233625
0.0233218
0.0232811
0.0232405
0.0232
0.0231596
0.0231192
0.023079
0.0230387
0.0229986
0.0229585
0.0229185
0.0228786
0.0228387
0.0227989
0.0227592
0.0227196
0.02268
0.0226405
0.0226011
0.0225617
0.0225224
0.0224832
0.0224441
0.022405
0.022366
0.022327
0.0222881
0.0222493
0.0222106
0.0221719
0.0221334
0.0220948
0.0220564
0.022018
0.0219797
0.0219414
0.0219032
0.0218651
0.0218271
0.0217891
0.0217512
0.0217133
0.0216756
0.0216378
0.0216002
0.0215626
0.0215251
0.0214877
0.0214503
0.021413
0.0213758
0.0213386
0.0213015
0.0212644
0.0212275
0.0211906
0.0211537
0.0211169
0.0210802
0.0210436
0.021007
0.0209705
0.020934
0.0208976
0.0208613
0.0208251
0.0207889
0.0207527
0.0207167
0.0206807
0.0206448
0.0206089
0.0205731
0.0205373
0.0205017
0.020466
0.0204305
0.020395
0.0203596
0.0203242
0.0202889
0.0202537
0.0202185
0.0201834
0.0201483
0.0201133
0.0200784
0.0200436
0.0200088
0.019974
0.0199393
0.0199047
0.0198702
0.0198357
0.0198013
0.0197669
0.0197326
0.0196983
0.0196641
0.01963
0.0195959
0.0195619
0.019528
0.0194941
0.0194603
0.0194265
0.0193928
0.0193592
0.0193256
0.0192921
0.0192586
0.0192252
0.0191919
0.0191586
0.0191253
0.0190922
0.0190591
0.019026
0.018993
0.0189601
0.0189272
0.0188944
0.0188616
0.0188289
0.0187963
0.0187637
0.0187312
0.0186987
0.0186663
0.018634
0.0186017
0.0185694
0.0185372
0.0185051
0.018473
0.018441
0.0184091
0.0183772
0.0183453
0.0183136
0.0182818
0.0182502
0.0182185
0.018187
0.0181555
0.018124
0.0180926
0.0180613
0.01803
0.0179988
0.0179676
0.0179365
0.0179054
0.0178744
0.0178435
0.0178126
0.0177818
0.017751
0.0177202
0.0176896
0.0176589
0.0176284
0.0175979
0.0175674
0.017537
0.0175066
0.0174763
0.0174461
0.0174159
0.0173858
0.0173557
0.0173257
0.0172957
0.0172658
0.0172359
0.0172061
0.0171763
0.0171466
0.0171169
0.0170873
0.0170578
0.0170283
0.0169988
0.0169694
0.0169401
0.0169108
0.0168815
0.0168523
0.0168232
0.0167941
0.016765
0.0167361
0.0167071
0.0166782
0.0166494
0.0166206
0.0165919
0.0165632
0.0165346
0.016506
0.0164775
0.016449
0.0164206
0.0163922
0.0163639
0.0163356
0.0163074
0.0162792
0.0162511
0.016223
0.0161949
0.016167
0.016139
0.0161112
0.0160833
0.0160555
0.0160278
0.0160001
0.0159725
0.0159449
0.0159174
0.0158899
0.0158624
0.015835
0.0158077
0.0157804
0.0157531
0.0157259
0.0156988
0.0156717
0.0156446
0.0156176
0.0155907
0.0155638
0.0155369
0.0155101
0.0154833
0.0154566
0.0154299
0.0154033
0.0153767
0.0153501
0.0153237
0.0152972
0.0152708
0.0152445
0.0152182
0.0151919
0.0151657
0.0151395
0.0151134
0.0150873
0.0150613
0.0150353
0.0150094
0.0149835
0.0149577
0.0149319
0.0149061
0.0148804
0.0148547
0.0148291
0.0148036
0.014778
0.0147525
0.0147271
0.0147017
0.0146764
0.0146511
0.0146258
0.0146006
0.0145754
0.0145503
0.0145252
0.0145002
0.0144752
0.0144502
0.0144253
0.0144005
0.0143757
0.0143509
0.0143262
0.0143015
0.0142768
0.0142522
0.0142277
0.0142032
0.0141787
0.0141543
0.0141299
0.0141055
0.0140812
0.014057
0.0140328
0.0140086
0.0139845
0.0139604
0.0139363
0.0139123
0.0138884
0.0138645
0.0138406
0.0138167
0.013793
0.0137692
0.0137455
0.0137218
0.0136982
0.0136746
0.0136511
0.0136276
0.0136041
0.0135807
0.0135573
0.013534
0.0135107
0.0134874
0.0134642
0.0134411
0.0134179
0.0133948
0.0133718
0.0133488
0.0133258
0.0133029
0.01328
0.0132571
0.0132343
0.0132115
0.0131888
0.0131661
0.0131435
0.0131209
0.0130983
0.0130758
0.0130533
0.0130308
0.0130084
0.012986
0.0129637
0.0129414
0.0129192
0.0128969
0.0128748
0.0128526
0.0128305
0.0128085
0.0127864
0.0127645
0.0127425
0.0127206
0.0126987
0.0126769
0.0126551
0.0126334
0.0126116
0.01259
0.0125683
0.0125467
0.0125252
0.0125036
0.0124821
0.0124607
0.0124393
0.0124179
0.0123966
0.0123753
0.012354
0.0123328
0.0123116
0.0122904
0.0122693
0.0122482
0.0122272
0.0122062
0.0121852
0.0121643
0.0121434
0.0121225
0.0121017
0.0120809
0.0120602
0.0120395
0.0120188
0.0119982
0.0119776
0.011957
0.0119365
0.011916
0.0118955
0.0118751
0.0118547
0.0118343
0.011814
0.0117937
0.0117735
0.0117533
0.0117331
0.011713
0.0116929
0.0116728
0.0116528
0.0116328
0.0116128
0.0115929
0.011573
0.0115531
0.0115333
0.0115135
0.0114937
0.011474
0.0114543
0.0114347
0.0114151
0.0113955
0.0113759
0.0113564
0.0113369
0.0113175
0.0112981
0.0112787
0.0112593
0.01124
0.0112207
0.0112015
0.0111823
0.0111631
0.011144
0.0111249
0.0111058
0.0110867
0.0110677
0.0110487
0.0110298
0.0110109
0.010992
0.0109732
0.0109543
0.0109356
0.0109168
0.0108981
0.0108794
0.0108608
0.0108422
0.0108236
0.010805
0.0107865
0.010768
0.0107496
0.0107311
0.0107127
0.0106944
0.0106761
0.0106578
0.0106395
0.0106213
0.0106031
0.0105849
0.0105668
0.0105487
0.0105306
0.0105126
0.0104945
0.0104766
0.0104586
0.0104407
0.0104228
0.010405
0.0103871
0.0103694
0.0103516
0.0103339
0.0103162
0.0102985
0.0102809
0.0102633
0.0102457
0.0102281
0.0102106
0.0101931
0.0101757
0.0101583
0.0101409
0.0101235
0.0101062
0.0100889
0.0100716
0.0100544
0.0100372
0.01002
0.0100028
0.0099857
0.0099686
0.00995154
0.00993451
0.00991751
0.00990053
0.00988359
0.00986668
0.00984979
0.00983294
0.00981611
0.00979931
0.00978255
0.00976581
0.0097491
0.00973242
0.00971577
0.00969915
0.00968255
0.00966599
0.00964945
0.00963295
0.00961647
0.00960002
0.0095836
0.00956721
0.00955084
0.00953451
0.0095182
0.00950192
0.00948567
0.00946945
0.00945325
0.00943709
0.00942095
0.00940484
0.00938876
0.00937271
0.00935668
0.00934068
0.00932471
0.00930877
0.00929286
0.00927697
0.00926111
0.00924528
0.00922948
0.0092137
0.00919795
0.00918223
0.00916653
0.00915087
0.00913523
0.00911961
0.00910403
0.00908847
0.00907294
0.00905743
0.00904195
0.0090265
0.00901108
0.00899568
0.00898031
0.00896497
0.00894965
0.00893436
0.00891909
0.00890386
0.00888865
0.00887346
0.0088583
0.00884317
0.00882806
0.00881299
0.00879793
0.0087829
0.0087679
0.00875293
0.00873798
0.00872306
0.00870816
0.00869329
0.00867844
0.00866362
0.00864883
0.00863406
0.00861931
0.0086046
0.00858991
0.00857524
0.0085606
0.00854598
0.00853139
0.00851683
0.00850229
0.00848777
0.00847328
0.00845882
0.00844438
0.00842997
0.00841558
0.00840121
0.00838687
0.00837256
0.00835827
0.008344
0.00832976
0.00831555
0.00830136
0.00828719
0.00827305
0.00825893
0.00824484
0.00823077
0.00821673
0.00820271
0.00818871
0.00817474
0.0081608
0.00814687
0.00813298
0.0081191
0.00810525
0.00809142
0.00807762
0.00806384
0.00805009
0.00803636
0.00802265
0.00800897
0.00799531
0.00798167
0.00796806
0.00795447
0.00794091
0.00792736
0.00791385
0.00790035
0.00788688
0.00787343
0.00786001
0.0078466
0.00783323
0.00781987
0.00780654
0.00779323
0.00777994
0.00776668
0.00775344
0.00774022
0.00772703
0.00771386
0.00770071
0.00768758
0.00767448
0.0076614
0.00764834
0.0076353
0.00762229
0.0076093
0.00759633
0.00758339
0.00757046
0.00755756
0.00754468
0.00753183
0.00751899
0.00750618
0.00749339
0.00748063
0.00746788
0.00745516
0.00744246
0.00742978
0.00741712
0.00740448
0.00739187
0.00737928
0.00736671
0.00735416
0.00734163
0.00732913
0.00731664
0.00730418
0.00729174
0.00727932
0.00726692
0.00725455
0.00724219
0.00722986
0.00721755
0.00720526
0.00719299
0.00718074
0.00716851
0.00715631
0.00714412
0.00713196
0.00711982
0.00710769
0.00709559
0.00708351
0.00707145
0.00705942
0.0070474
0.0070354
0.00702343
0.00701147
0.00699954
0.00698762
0.00697573
0.00696385
0.006952
0.00694017
0.00692836
0.00691657
0.0069048
0.00689305
0.00688132
0.00686961
0.00685792
0.00684625
0.0068346
0.00682297
0.00681136
0.00679977
0.0067882
0.00677665
0.00676512
0.00675361
0.00674212
0.00673065
0.0067192
0.00670777
0.00669636
0.00668497
0.0066736
0.00666225
0.00665091
0.0066396
0.00662831
0.00661704
0.00660578
0.00659455
0.00658333
0.00657214
0.00656096
0.0065498
0.00653866
0.00652754
0.00651644
0.00650536
0.0064943
0.00648326
0.00647224
0.00646123
0.00645025
0.00643928
0.00642833
0.0064174
0.00640649
0.0063956
0.00638473
0.00637388
0.00636304
0.00635223
0.00634143
0.00633065
0.00631989
0.00630915
0.00629842
0.00628772
0.00627703
0.00626637
0.00625572
0.00624508
0.00623447
0.00622388
0.0062133
0.00620274
0.0061922
0.00618168
0.00617118
0.00616069
0.00615022
0.00613977
0.00612934
0.00611893
0.00610853
0.00609816
0.0060878
0.00607745
0.00606713
0.00605682
0.00604653
0.00603626
0.00602601
0.00601577
0.00600556
0.00599536
0.00598517
0.00597501
0.00596486
0.00595473
0.00594462
0.00593452
0.00592444
0.00591438
0.00590434
0.00589431
0.0058843
0.00587431
0.00586434
0.00585438
0.00584444
0.00583452
0.00582461
0.00581472
0.00580485
0.00579499
0.00578516
0.00577533
0.00576553
0.00575574
0.00574597
0.00573622
0.00572648
0.00571676
0.00570706
0.00569737
0.0056877
0.00567805
0.00566841
0.00565879
0.00564919
0.0056396
0.00563003
0.00562047
0.00561093
0.00560141
0.00559191
0.00558242
0.00557295
0.00556349
0.00555405
0.00554463
0.00553522
0.00552583
0.00551645
0.00550709
0.00549775
0.00548842
0.00547911
0.00546982
0.00546054
0.00545127
0.00544203
0.0054328
0.00542358
0.00541438
0.0054052
0.00539603
0.00538688
0.00537774
0.00536862
0.00535951
0.00535042
0.00534135
0.00533229
0.00532325
0.00531422
0.00530521
0.00529621
0.00528723
0.00527827
0.00526932
0.00526038
0.00525146
0.00524256
0.00523367
0.0052248
0.00521594
0.0052071
0.00519827
0.00518946
0.00518066
0.00517188
0.00516311
0.00515436
0.00514562
0.0051369
0.00512819
0.0051195
0.00511082
0.00510216
0.00509351
0.00508488
0.00507626
0.00506766
0.00505907
0.00505049
0.00504193
0.00503339
0.00502486
0.00501634
0.00500784
0.00499936
0.00499089
0.00498243
0.00497399
0.00496556
0.00495715
0.00494875
0.00494036
0.00493199
0.00492364
0.0049153
0.00490697
0.00489866
0.00489036
0.00488207
0.0048738
0.00486555
0.00485731
0.00484908
0.00484086
0.00483267
0.00482448
0.00481631
0.00480815
0.00480001
0.00479188
0.00478376
0.00477566
0.00476757
0.0047595
0.00475144
0.00474339
0.00473536
0.00472734
0.00471934
0.00471135
0.00470337
0.00469541
0.00468746
0.00467952
0.0046716
0.00466369
0.00465579
0.00464791
0.00464004
0.00463218
0.00462434
0.00461651
0.0046087
0.0046009
0.00459311
0.00458533
0.00457757
0.00456983
0.00456209
0.00455437
0.00454666
0.00453896
0.00453128
0.00452361
0.00451596
0.00450831
0.00450069
0.00449307
0.00448547
0.00447787
0.0044703
0.00446273
0.00445518
0.00444764
0.00444012
0.0044326
0.0044251
0.00441762
0.00441014
0.00440268
0.00439523
0.0043878
0.00438037
0.00437296
0.00436556
0.00435818
0.00435081
0.00434345
0.0043361
0.00432876
0.00432144
0.00431413
0.00430684
0.00429955
0.00429228
0.00428502
0.00427777
0.00427054
0.00426331
0.0042561
0.00424891
0.00424172
0.00423455
0.00422739
0.00422024
0.0042131
0.00420598
0.00419886
0.00419176
0.00418468
0.0041776
0.00417054
0.00416348
0.00415645
0.00414942
0.0041424
0.0041354
0.00412841
0.00412143
0.00411446
0.00410751
0.00410056
0.00409363
0.00408671
0.0040798
0.0040729
0.00406602
0.00405915
0.00405229
0.00404544
0.0040386
0.00403177
0.00402496
0.00401816
0.00401137
0.00400459
0.00399782
0.00399106
0.00398432
0.00397758
0.00397086
0.00396415
0.00395745
0.00395077
0.00394409
0.00393743
0.00393077
0.00392413
0.0039175
0.00391088
0.00390427
0.00389768
0.00389109
0.00388452
0.00387796
0.00387141
0.00386486
0.00385834
0.00385182
0.00384531
0.00383882
0.00383233
0.00382586
0.0038194
0.00381294
0.0038065
0.00380007
0.00379366
0.00378725
0.00378085
0.00377447
0.00376809
0.00376173
0.00375537
0.00374903
0.0037427
0.00373638
0.00373007
0.00372377
0.00371748
0.00371121
0.00370494
0.00369868
0.00369244
0.0036862
0.00367998
0.00367377
0.00366756
0.00366137
0.00365519
0.00364902
0.00364286
0.00363671
0.00363057
0.00362444
0.00361832
0.00361221
0.00360612
0.00360003
0.00359395
0.00358789
0.00358183
0.00357578
0.00356975
0.00356372
0.00355771
0.0035517
0.00354571
0.00353972
0.00353375
0.00352779
0.00352183
0.00351589
0.00350996
0.00350403
0.00349812
0.00349222
0.00348632
0.00348044
0.00347457
0.00346871
0.00346285
0.00345701
0.00345118
0.00344535
0.00343954
0.00343374
0.00342794
0.00342216
0.00341639
0.00341062
0.00340487
0.00339913
0.00339339
0.00338767
0.00338195
0.00337625
0.00337055
0.00336487
0.00335919
0.00335352
0.00334787
0.00334222
0.00333658
0.00333096
0.00332534
0.00331973
0.00331413
0.00330854
0.00330296
0.00329739
0.00329183
0.00328628
0.00328074
0.00327521
0.00326968
0.00326417
0.00325866
0.00325317
0.00324768
0.00324221
0.00323674
0.00323128
0.00322584
0.0032204
0.00321497
0.00320955
0.00320414
0.00319873
0.00319334
0.00318796
0.00318258
0.00317722
0.00317186
0.00316651
0.00316118
0.00315585
0.00315053
0.00314522
0.00313992
0.00313462
0.00312934
0.00312407
0.0031188
0.00311354
0.0031083
0.00310306
0.00309783
0.00309261
0.00308739
0.00308219
0.003077
0.00307181
0.00306663
0.00306147
0.00305631
0.00305116
0.00304602
0.00304088
0.00303576
0.00303064
0.00302554
0.00302044
0.00301535
0.00301027
0.0030052
0.00300014
0.00299508
0.00299004
0.002985
0.00297997
0.00297495
0.00296994
0.00296493
0.00295994
0.00295495
0.00294998
0.00294501
0.00294005
0.00293509
0.00293015
0.00292521
0.00292029
0.00291537
0.00291046
0.00290556
0.00290066
0.00289578
0.0028909
0.00288603
0.00288117
0.00287632
0.00287147
0.00286664
0.00286181
0.00285699
0.00285218
0.00284738
0.00284258
0.0028378
0.00283302
0.00282825
0.00282349
0.00281873
0.00281399
0.00280925
0.00280452
0.0027998
0.00279508
0.00279038
0.00278568
0.00278099
0.00277631
0.00277163
0.00276697
0.00276231
0.00275766
0.00275302
0.00274838
0.00274376
0.00273914
0.00273453
0.00272992
0.00272533
0.00272074
0.00271616
0.00271159
0.00270703
0.00270247
0.00269792
0.00269338
0.00268885
0.00268432
0.00267981
0.0026753
0.00267079
0.0026663
0.00266181
0.00265733
0.00265286
0.0026484
0.00264394
0.00263949
0.00263505
0.00263062
0.00262619
0.00262177
0.00261736
0.00261296
0.00260856
0.00260417
0.00259979
0.00259542
0.00259105
0.00258669
0.00258234
0.002578
0.00257366
0.00256933
0.00256501
0.00256069
0.00255638
0.00255208
0.00254779
0.00254351
0.00253923
0.00253496
0.00253069
0.00252644
0.00252219
0.00251795
0.00251371
0.00250948
0.00250526
0.00250105
0.00249684
0.00249264
0.00248845
0.00248427
0.00248009
0.00247592
0.00247175
0.0024676
0.00246345
0.00245931
0.00245517
0.00245104
0.00244692
0.00244281
0.0024387
0.0024346
0.00243051
0.00242642
0.00242234
0.00241827
0.0024142
0.00241014
0.00240609
0.00240205
0.00239801
0.00239398
0.00238995
0.00238593
0.00238192
0.00237792
0.00237392
0.00236993
0.00236595
0.00236197
0.002358
0.00235404
0.00235008
0.00234613
0.00234219
0.00233825
0.00233432
0.0023304
0.00232648
0.00232257
0.00231867
0.00231477
0.00231088
0.002307
0.00230312
0.00229925
0.00229539
0.00229153
0.00228768
0.00228383
0.00228
0.00227616
0.00227234
0.00226852
0.00226471
0.0022609
0.00225711
0.00225331
0.00224953
0.00224575
0.00224197
0.00223821
0.00223445
0.00223069
0.00222695
0.0022232
0.00221947
0.00221574
0.00221202
0.0022083
0.00220459
0.00220089
0.00219719
0.0021935
0.00218982
0.00218614
0.00218247
0.0021788
0.00217514
0.00217149
0.00216784
0.0021642
0.00216057
0.00215694
0.00215331
0.0021497
0.00214609
0.00214248
0.00213889
0.00213529
0.00213171
0.00212813
0.00212455
0.00212099
0.00211742
0.00211387
0.00211032
0.00210678
0.00210324
0.00209971
0.00209618
0.00209266
0.00208915
0.00208564
0.00208214
0.00207864
0.00207515
0.00207167
0.00206819
0.00206472
0.00206125
0.00205779
0.00205434
0.00205089
0.00204745
0.00204401
0.00204058
0.00203715
0.00203373
0.00203032
0.00202691
0.00202351
0.00202011
0.00201672
0.00201334
0.00200996
0.00200658
0.00200321
0.00199985
0.0019965
0.00199315
0.0019898
0.00198646
0.00198313
0.0019798
0.00197648
0.00197316
0.00196985
0.00196654
0.00196324
0.00195995
0.00195666
0.00195338
0.0019501
0.00194682
0.00194356
0.0019403
0.00193704
0.00193379
0.00193055
0.00192731
0.00192407
0.00192085
0.00191762
0.00191441
0.00191119
0.00190799
0.00190479
0.00190159
0.0018984
0.00189522
0.00189204
0.00188886
0.00188569
0.00188253
0.00187937
0.00187622
0.00187307
0.00186993
0.00186679
0.00186366
0.00186054
0.00185742
0.0018543
0.00185119
0.00184809
0.00184499
0.00184189
0.0018388
0.00183572
0.00183264
0.00182957
0.0018265
0.00182343
0.00182038
0.00181732
0.00181428
0.00181123
0.0018082
0.00180516
0.00180214
0.00179911
0.0017961
0.00179309
0.00179008
0.00178708
0.00178408
0.00178109
0.0017781
0.00177512
0.00177215
0.00176917
0.00176621
0.00176325
0.00176029
0.00175734
0.00175439
0.00175145
0.00174852
0.00174558
0.00174266
0.00173974
0.00173682
0.00173391
0.001731
0.0017281
0.0017252
0.00172231
0.00171943
0.00171654
0.00171367
0.00171079
0.00170793
0.00170506
0.00170221
0.00169935
0.0016965
0.00169366
0.00169082
0.00168799
0.00168516
0.00168234
0.00167952
0.0016767
0.00167389
0.00167109
0.00166829
0.00166549
0.0016627
0.00165991
0.00165713
0.00165435
0.00165158
0.00164881
0.00164605
0.00164329
0.00164054
0.00163779
0.00163505
0.00163231
0.00162957
0.00162684
0.00162412
0.0016214
0.00161868
0.00161597
0.00161326
0.00161056
0.00160786
0.00160516
0.00160248
0.00159979
0.00159711
0.00159444
0.00159176
0.0015891
0.00158644
0.00158378
0.00158113
0.00157848
0.00157583
0.00157319
0.00157056
0.00156793
0.0015653
0.00156268
0.00156006
0.00155745
0.00155484
0.00155224
0.00154964
0.00154704
0.00154445
0.00154186
0.00153928
0.0015367
0.00153413
0.00153156
0.001529
0.00152644
0.00152388
0.00152133
0.00151878
0.00151624
0.0015137
0.00151116
0.00150863
0.00150611
0.00150359
0.00150107
0.00149855
0.00149605
0.00149354
0.00149104
0.00148854
0.00148605
0.00148356
0.00148108
0.0014786
0.00147612
0.00147365
0.00147119
0.00146872
0.00146626
0.00146381
0.00146136
0.00145891
0.00145647
0.00145403
0.0014516
0.00144917
0.00144674
0.00144432
0.0014419
0.00143949
0.00143708
0.00143468
0.00143227
0.00142988
0.00142748
0.00142509
0.00142271
0.00142033
0.00141795
0.00141558
0.00141321
0.00141084
0.00140848
0.00140613
0.00140377
0.00140142
0.00139908
0.00139674
0.0013944
0.00139207
0.00138974
0.00138741
0.00138509
0.00138277
0.00138046
0.00137815
0.00137584
0.00137354
0.00137124
0.00136895
0.00136666
0.00136437
0.00136209
0.00135981
0.00135753
0.00135526
0.00135299
0.00135073
0.00134847
0.00134621
0.00134396
0.00134171
0.00133947
0.00133723
0.00133499
0.00133276
0.00133053
0.0013283
0.00132608
0.00132386
0.00132165
0.00131944
0.00131723
0.00131503
0.00131283
0.00131063
0.00130844
0.00130625
0.00130407
0.00130189
0.00129971
0.00129753
0.00129536
0.0012932
0.00129103
0.00128888
0.00128672
0.00128457
0.00128242
0.00128028
0.00127813
0.001276
0.00127386
0.00127173
0.00126961
0.00126748
0.00126536
0.00126325
0.00126114
0.00125903
0.00125692
0.00125482
0.00125272
0.00125063
0.00124854
0.00124645
0.00124436
0.00124228
0.00124021
0.00123813
0.00123606
0.001234
0.00123193
0.00122987
0.00122782
0.00122576
0.00122372
0.00122167
0.00121963
0.00121759
0.00121555
0.00121352
0.00121149
0.00120947
0.00120745
0.00120543
0.00120341
0.0012014
0.00119939
0.00119739
0.00119539
0.00119339
0.00119139
0.0011894
0.00118741
0.00118543
0.00118345
0.00118147
0.0011795
0.00117752
0.00117556
0.00117359
0.00117163
0.00116967
0.00116772
0.00116577
0.00116382
0.00116187
0.00115993
0.00115799
0.00115606
0.00115413
0.0011522
0.00115027
0.00114835
0.00114643
0.00114452
0.0011426
0.00114069
0.00113879
0.00113688
0.00113499
0.00113309
0.0011312
0.00112931
0.00112742
0.00112554
0.00112365
0.00112178
0.0011199
0.00111803
0.00111616
0.0011143
0.00111244
0.00111058
0.00110872
0.00110687
0.00110502
0.00110318
0.00110133
0.00109949
0.00109766
0.00109582
0.00109399
0.00109217
0.00109034
0.00108852
0.0010867
0.00108489
0.00108308
0.00108127
0.00107946
0.00107766
0.00107586
0.00107406
0.00107227
0.00107048
0.00106869
0.0010669
0.00106512
0.00106334
0.00106157
0.00105979
0.00105802
0.00105626
0.00105449
0.00105273
0.00105097
0.00104922
0.00104747
0.00104572
0.00104397
0.00104223
0.00104049
0.00103875
0.00103702
0.00103528
0.00103356
0.00103183
0.00103011
0.00102839
0.00102667
0.00102496
0.00102324
0.00102154
0.00101983
0.00101813
0.00101643
0.00101473
0.00101304
0.00101135
0.00100966
0.00100797
0.00100629
0.00100461
0.00100293
0.00100126
0.000999585
0.000997917
0.000996251
0.000994588
0.000992928
0.00099127
0.000989615
0.000987964
0.000986314
0.000984668
0.000983024
0.000981384
0.000979746
0.00097811
0.000976478
0.000974848
0.000973221
0.000971596
0.000969975
0.000968356
0.00096674
0.000965126
0.000963516
0.000961907
0.000960302
0.000958699
0.0009571
0.000955502
0.000953908
0.000952316
0.000950727
0.00094914
0.000947556
0.000945975
0.000944396
0.00094282
0.000941247
0.000939677
0.000938109
0.000936543
0.00093498
0.00093342
0.000931863
0.000930308
0.000928756
0.000927206
0.000925659
0.000924115
0.000922573
0.000921034
0.000919497
0.000917963
0.000916431
0.000914902
0.000913376
0.000911852
0.000910331
0.000908812
0.000907296
0.000905782
0.000904271
0.000902763
0.000901257
0.000899753
0.000898252
0.000896754
0.000895258
0.000893765
0.000892274
0.000890785
0.0008893
0.000887816
0.000886335
0.000884857
0.000883381
0.000881908
0.000880437
0.000878968
0.000877502
0.000876039
0.000874577
0.000873119
0.000871663
0.000870209
0.000868757
0.000867309
0.000865862
0.000864418
0.000862976
0.000861537
0.0008601
0.000858666
0.000857234
0.000855805
0.000854377
0.000852953
0.00085153
0.00085011
0.000848693
0.000847278
0.000845865
0.000844454
0.000843046
0.00084164
0.000840237
0.000838836
0.000837437
0.000836041
0.000834647
0.000833256
0.000831866
0.000830479
0.000829095
0.000827712
0.000826332
0.000824955
0.000823579
0.000822206
0.000820835
0.000819467
0.000818101
0.000816737
0.000815375
0.000814016
0.000812659
0.000811304
0.000809952
0.000808602
0.000807254
0.000805908
0.000804565
0.000803223
0.000801885
0.000800548
0.000799213
0.000797881
0.000796551
0.000795224
0.000793898
0.000792575
0.000791254
0.000789935
0.000788618
0.000787304
0.000785992
0.000784682
0.000783374
0.000782068
0.000780765
0.000779464
0.000778165
0.000776868
0.000775573
0.000774281
0.00077299
0.000771702
0.000770416
0.000769132
0.00076785
0.000766571
0.000765293
0.000764018
0.000762745
0.000761474
0.000760205
0.000758938
0.000757674
0.000756411
0.000755151
0.000753892
0.000752636
0.000751382
0.00075013
0.00074888
0.000747633
0.000746387
0.000745143
0.000743902
0.000742662
0.000741425
0.00074019
0.000738957
0.000737726
0.000736496
0.000735269
0.000734045
0.000732822
0.000731601
0.000730382
0.000729165
0.000727951
0.000726738
0.000725527
0.000724319
0.000723112
0.000721907
0.000720705
0.000719504
0.000718306
0.000717109
0.000715915
0.000714722
0.000713532
0.000712343
0.000711157
0.000709972
0.00070879
0.000707609
0.000706431
0.000705254
0.000704079
0.000702907
0.000701736
0.000700567
0.0006994
0.000698236
0.000697073
0.000695912
0.000694753
0.000693596
0.000692441
0.000691288
0.000690136
0.000688987
0.00068784
0.000686694
0.000685551
0.000684409
0.000683269
0.000682132
0.000680996
0.000679862
0.00067873
0.000677599
0.000676471
0.000675345
0.00067422
0.000673098
0.000671977
0.000670858
0.000669741
0.000668626
0.000667513
0.000666401
0.000665292
0.000664184
0.000663078
0.000661974
0.000660872
0.000659772
0.000658673
0.000657577
0.000656482
0.000655389
0.000654298
0.000653209
0.000652121
0.000651036
0.000649952
0.00064887
0.00064779
0.000646711
0.000645635
0.00064456
0.000643487
0.000642416
0.000641347
0.000640279
0.000639213
0.000638149
0.000637087
0.000636026
0.000634968
0.000633911
0.000632856
0.000631802
0.000630751
0.000629701
0.000628653
0.000627607
0.000626562
0.000625519
0.000624478
0.000623439
0.000622401
0.000621365
0.000620331
0.000619299
0.000618268
0.000617239
0.000616212
0.000615187
0.000614163
0.000613141
0.00061212
0.000611102
0.000610085
0.00060907
0.000608056
0.000607044
0.000606034
0.000605026
0.000604019
0.000603014
0.00060201
0.000601009
0.000600009
0.00059901
0.000598014
0.000597019
0.000596025
0.000595034
0.000594043
0.000593055
0.000592068
0.000591083
0.0005901
0.000589118
0.000588138
0.000587159
0.000586183
0.000585207
0.000584234
0.000583262
0.000582291
0.000581323
0.000580356
0.00057939
0.000578426
0.000577464
0.000576503
0.000575544
0.000574587
0.000573631
0.000572677
0.000571724
0.000570773
0.000569824
0.000568876
0.00056793
0.000566985
0.000566042
0.0005651
0.00056416
0.000563222
0.000562285
0.00056135
0.000560416
0.000559484
0.000558554
0.000557625
0.000556697
0.000555771
0.000554847
0.000553924
0.000553003
0.000552083
0.000551165
0.000550248
0.000549333
0.00054842
0.000547508
0.000546597
0.000545688
0.000544781
0.000543875
0.00054297
0.000542067
0.000541166
0.000540266
0.000539368
0.000538471
0.000537575
0.000536681
0.000535789
0.000534898
0.000534009
0.000533121
0.000532234
0.000531349
0.000530466
0.000529584
0.000528703
0.000527824
0.000526946
0.00052607
0.000525196
0.000524322
0.000523451
0.00052258
0.000521712
0.000520844
0.000519978
0.000519114
0.000518251
0.000517389
0.000516529
0.00051567
0.000514813
0.000513957
0.000513103
0.00051225
0.000511398
0.000510548
0.000509699
0.000508852
0.000508006
0.000507162
0.000506319
0.000505477
0.000504637
0.000503798
0.00050296
0.000502124
0.00050129
0.000500456
0.000499625
0.000498794
0.000497965
0.000497137
0.000496311
0.000495486
0.000494663
0.00049384
0.00049302
0.0004922
0.000491382
0.000490565
0.00048975
0.000488936
0.000488124
0.000487312
0.000486502
0.000485694
0.000484887
0.000484081
0.000483276
0.000482473
0.000481672
0.000480871
0.000480072
0.000479274
0.000478478
0.000477683
0.000476889
0.000476096
0.000475305
0.000474515
0.000473727
0.00047294
0.000472154
0.000471369
0.000470586
0.000469804
0.000469023
0.000468244
0.000467466
0.000466689
0.000465914
0.00046514
0.000464367
0.000463595
0.000462825
0.000462056
0.000461289
0.000460522
0.000459757
0.000458993
0.000458231
0.000457469
0.000456709
0.000455951
0.000455193
0.000454437
0.000453682
0.000452928
0.000452176
0.000451425
0.000450675
0.000449926
0.000449179
0.000448432
0.000447688
0.000446944
0.000446201
0.00044546
0.00044472
0.000443982
0.000443244
0.000442508
0.000441773
0.000441039
0.000440306
0.000439575
0.000438845
0.000438116
0.000437388
0.000436662
0.000435936
0.000435212
0.00043449
0.000433768
0.000433048
0.000432328
0.00043161
0.000430893
0.000430178
0.000429463
0.00042875
0.000428038
0.000427327
0.000426617
0.000425909
0.000425202
0.000424496
0.000423791
0.000423087
0.000422384
0.000421683
0.000420983
0.000420283
0.000419585
0.000418889
0.000418193
0.000417499
0.000416805
0.000416113
0.000415422
0.000414733
0.000414044
0.000413356
0.00041267
0.000411985
0.000411301
0.000410618
0.000409936
0.000409255
0.000408576
0.000407897
0.00040722
0.000406544
0.000405869
0.000405195
0.000404523
0.000403851
0.00040318
0.000402511
0.000401843
0.000401176
0.00040051
0.000399845
0.000399181
0.000398518
0.000397857
0.000397196
0.000396537
0.000395878
0.000395221
0.000394565
0.00039391
0.000393256
0.000392603
0.000391952
0.000391301
0.000390652
0.000390003
0.000389356
0.000388709
0.000388064
0.00038742
0.000386777
0.000386135
0.000385494
0.000384854
0.000384215
0.000383578
0.000382941
0.000382305
0.000381671
0.000381037
0.000380405
0.000379774
0.000379143
0.000378514
0.000377886
0.000377259
0.000376633
0.000376007
0.000375383
0.00037476
0.000374138
0.000373518
0.000372898
0.000372279
0.000371661
0.000371044
0.000370428
0.000369814
0.0003692
0.000368587
0.000367976
0.000367365
0.000366755
0.000366147
0.000365539
0.000364933
0.000364327
0.000363723
0.000363119
0.000362517
0.000361915
0.000361314
0.000360715
0.000360116
0.000359519
0.000358922
0.000358327
0.000357732
0.000357139
0.000356546
0.000355955
0.000355364
0.000354774
0.000354186
0.000353598
0.000353011
0.000352426
0.000351841
0.000351257
0.000350675
0.000350093
0.000349512
0.000348932
0.000348353
0.000347775
0.000347198
0.000346622
0.000346047
0.000345473
0.0003449
0.000344328
0.000343757
0.000343187
0.000342617
0.000342049
0.000341482
0.000340915
0.00034035
0.000339785
0.000339221
0.000338659
0.000338097
0.000337536
0.000336976
0.000336417
0.000335859
0.000335302
0.000334746
0.000334191
0.000333637
0.000333083
0.000332531
0.000331979
0.000331429
0.000330879
0.00033033
0.000329782
0.000329235
0.000328689
0.000328144
0.0003276
0.000327057
0.000326514
0.000325973
0.000325432
0.000324892
0.000324354
0.000323816
0.000323279
0.000322743
0.000322207
0.000321673
0.00032114
0.000320607
0.000320075
0.000319545
0.000319015
0.000318486
0.000317958
0.00031743
0.000316904
0.000316379
0.000315854
0.00031533
0.000314807
0.000314285
0.000313764
0.000313244
0.000312725
0.000312206
0.000311688
0.000311172
0.000310656
0.000310141
0.000309626
0.000309113
0.0003086
0.000308089
0.000307578
0.000307068
0.000306559
0.000306051
0.000305543
0.000305037
0.000304531
0.000304026
0.000303522
0.000303019
0.000302517
0.000302015
0.000301514
0.000301014
0.000300515
0.000300017
0.00029952
0.000299023
0.000298528
0.000298033
0.000297539
0.000297046
0.000296553
0.000296062
0.000295571
0.000295081
0.000294592
0.000294103
0.000293616
0.000293129
0.000292643
0.000292158
0.000291674
0.000291191
0.000290708
0.000290226
0.000289745
0.000289265
0.000288785
0.000288307
0.000287829
0.000287352
0.000286875
0.0002864
0.000285925
0.000285451
0.000284978
0.000284506
0.000284035
0.000283564
0.000283094
0.000282625
0.000282156
0.000281689
0.000281222
0.000280756
0.000280291
0.000279826
0.000279362
0.000278899
0.000278437
0.000277976
0.000277515
0.000277055
0.000276596
0.000276138
0.00027568
0.000275223
0.000274767
0.000274312
0.000273857
0.000273404
0.000272951
0.000272498
0.000272047
0.000271596
0.000271146
0.000270697
0.000270248
0.0002698
0.000269353
0.000268907
0.000268462
0.000268017
0.000267573
0.000267129
0.000266687
0.000266245
0.000265804
0.000265363
0.000264924
0.000264485
0.000264047
0.000263609
0.000263172
0.000262736
0.000262301
0.000261867
0.000261433
0.000261
0.000260567
0.000260136
0.000259705
0.000259275
0.000258845
0.000258416
0.000257988
0.000257561
0.000257134
0.000256708
0.000256283
0.000255858
0.000255435
0.000255011
0.000254589
0.000254167
0.000253746
0.000253326
0.000252906
0.000252487
0.000252069
0.000251652
0.000251235
0.000250819
0.000250403
0.000249988
0.000249574
0.000249161
0.000248748
0.000248336
0.000247925
0.000247514
0.000247104
0.000246695
0.000246287
0.000245879
0.000245472
0.000245065
0.000244659
0.000244254
0.000243849
0.000243446
0.000243042
0.00024264
0.000242238
0.000241837
0.000241436
0.000241037
0.000240637
0.000240239
0.000239841
0.000239444
0.000239047
0.000238651
0.000238256
0.000237862
0.000237468
0.000237075
0.000236682
0.00023629
0.000235899
0.000235508
0.000235118
0.000234729
0.00023434
0.000233952
0.000233565
0.000233178
0.000232792
0.000232407
0.000232022
0.000231638
0.000231254
0.000230871
0.000230489
0.000230107
0.000229726
0.000229346
0.000228966
0.000228587
0.000228209
0.000227831
0.000227454
0.000227077
0.000226701
0.000226326
0.000225951
0.000225577
0.000225204
0.000224831
0.000224459
0.000224087
0.000223716
0.000223346
0.000222976
0.000222607
0.000222238
0.00022187
0.000221503
0.000221136
0.00022077
0.000220405
0.00022004
0.000219676
0.000219312
0.000218949
0.000218587
0.000218225
0.000217864
0.000217503
0.000217143
0.000216784
0.000216425
0.000216066
0.000215709
0.000215352
0.000214995
0.000214639
0.000214284
0.00021393
0.000213575
0.000213222
0.000212869
0.000212517
0.000212165
0.000211814
0.000211463
0.000211113
0.000210764
0.000210415
0.000210067
0.000209719
0.000209372
0.000209026
0.00020868
0.000208334
0.000207989
0.000207645
0.000207302
0.000206959
0.000206616
0.000206274
0.000205933
0.000205592
0.000205252
0.000204912
0.000204573
0.000204234
0.000203896
0.000203559
0.000203222
0.000202886
0.00020255
0.000202215
0.00020188
0.000201546
0.000201213
0.00020088
0.000200548
0.000200216
0.000199884
0.000199554
0.000199223
0.000198894
0.000198565
0.000198236
0.000197908
0.000197581
0.000197254
0.000196927
0.000196602
0.000196276
0.000195952
0.000195627
0.000195304
0.000194981
0.000194658
0.000194336
0.000194014
0.000193693
0.000193373
0.000193053
0.000192734
0.000192415
0.000192097
0.000191779
0.000191461
0.000191145
0.000190828
0.000190513
0.000190198
0.000189883
0.000189569
0.000189255
0.000188942
0.00018863
0.000188318
0.000188006
0.000187695
0.000187385
0.000187075
0.000186765
0.000186456
0.000186148
0.00018584
0.000185532
0.000185226
0.000184919
0.000184613
0.000184308
0.000184003
0.000183699
0.000183395
0.000183092
0.000182789
0.000182486
0.000182185
0.000181883
0.000181582
0.000181282
0.000180982
0.000180683
0.000180384
0.000180086
0.000179788
0.000179491
0.000179194
0.000178897
0.000178601
0.000178306
0.000178011
0.000177717
0.000177423
0.000177129
0.000176836
0.000176544
0.000176252
0.000175961
0.00017567
0.000175379
0.000175089
0.0001748
0.00017451
0.000174222
0.000173934
0.000173646
0.000173359
0.000173072
0.000172786
0.0001725
0.000172215
0.00017193
0.000171646
0.000171362
0.000171079
0.000170796
0.000170514
0.000170232
0.00016995
0.000169669
0.000169389
0.000169108
0.000168829
0.00016855
0.000168271
0.000167993
0.000167715
0.000167438
0.000167161
0.000166885
0.000166609
0.000166333
0.000166058
0.000165784
0.000165509
0.000165236
0.000164963
0.00016469
0.000164418
0.000164146
0.000163874
0.000163603
0.000163333
0.000163063
0.000162793
0.000162524
0.000162256
0.000161987
0.00016172
0.000161452
0.000161185
0.000160919
0.000160653
0.000160387
0.000160122
0.000159857
0.000159593
0.000159329
0.000159066
0.000158803
0.000158541
0.000158278
0.000158017
0.000157756
0.000157495
0.000157234
0.000156975
0.000156715
0.000156456
0.000156197
0.000155939
0.000155682
0.000155424
0.000155167
0.000154911
0.000154655
0.000154399
0.000154144
0.000153889
0.000153635
0.000153381
0.000153127
0.000152874
0.000152622
0.000152369
0.000152118
0.000151866
0.000151615
0.000151365
0.000151114
0.000150865
0.000150615
0.000150366
0.000150118
0.00014987
0.000149622
0.000149375
0.000149128
0.000148882
0.000148635
0.00014839
0.000148145
0.0001479
0.000147655
0.000147411
0.000147168
0.000146925
0.000146682
0.000146439
0.000146197
0.000145956
0.000145715
0.000145474
0.000145233
0.000144993
0.000144754
0.000144515
0.000144276
0.000144037
0.000143799
0.000143562
0.000143325
0.000143088
0.000142851
0.000142615
0.00014238
0.000142144
0.00014191
0.000141675
0.000141441
0.000141207
0.000140974
0.000140741
0.000140509
0.000140276
0.000140045
0.000139813
0.000139582
0.000139352
0.000139121
0.000138892
0.000138662
0.000138433
0.000138204
0.000137976
0.000137748
0.00013752
0.000137293
0.000137066
0.00013684
0.000136614
0.000136388
0.000136163
0.000135938
0.000135713
0.000135489
0.000135265
0.000135042
0.000134819
0.000134596
0.000134374
0.000134152
0.00013393
0.000133709
0.000133488
0.000133268
0.000133047
0.000132828
0.000132608
0.000132389
0.000132171
0.000131952
0.000131734
0.000131517
0.000131299
0.000131083
0.000130866
0.00013065
0.000130434
0.000130219
0.000130004
0.000129789
0.000129574
0.00012936
0.000129147
0.000128933
0.000128721
0.000128508
0.000128296
0.000128084
0.000127872
0.000127661
0.00012745
0.00012724
0.00012703
0.00012682
0.00012661
0.000126401
0.000126192
0.000125984
0.000125776
0.000125568
0.000125361
0.000125154
0.000124947
0.000124741
0.000124535
0.000124329
0.000124124
0.000123919
0.000123714
0.00012351
0.000123306
0.000123102
0.000122899
0.000122696
0.000122493
0.000122291
0.000122089
0.000121888
0.000121686
0.000121485
0.000121285
0.000121085
0.000120885
0.000120685
0.000120486
0.000120287
0.000120088
0.00011989
0.000119692
0.000119494
0.000119297
0.0001191
0.000118903
0.000118707
0.000118511
0.000118315
0.00011812
0.000117925
0.00011773
0.000117536
0.000117342
0.000117148
0.000116955
0.000116762
0.000116569
0.000116376
0.000116184
0.000115992
0.000115801
0.00011561
0.000115419
0.000115228
0.000115038
0.000114848
0.000114659
0.000114469
0.00011428
0.000114092
0.000113903
0.000113715
0.000113527
0.00011334
0.000113153
0.000112966
0.00011278
0.000112593
0.000112408
0.000112222
0.000112037
0.000111852
0.000111667
0.000111483
0.000111299
0.000111115
0.000110932
0.000110749
0.000110566
0.000110383
0.000110201
0.000110019
0.000109838
0.000109656
0.000109475
0.000109295
0.000109114
0.000108934
0.000108754
0.000108575
0.000108396
0.000108217
0.000108038
0.00010786
0.000107682
0.000107504
0.000107326
0.000107149
0.000106972
0.000106796
0.00010662
0.000106444
0.000106268
0.000106093
0.000105918
0.000105743
0.000105568
0.000105394
0.00010522
0.000105046
0.000104873
0.0001047
0.000104527
0.000104355
0.000104182
0.00010401
0.000103839
0.000103667
0.000103496
0.000103326
0.000103155
0.000102985
0.000102815
0.000102645
0.000102476
0.000102307
0.000102138
0.000101969
0.000101801
0.000101633
0.000101465
0.000101298
0.000101131
0.000100964
0.000100797
0.000100631
0.000100465
0.000100299
0.000100134
9.99684e-05
