2.59322e-39
3.13512e-38
6.32334e-38
1.01409e-37
1.49658e-37
2.12733e-37
2.96822e-37
4.10132e-37
5.63673e-37
7.72301e-37
1.05612e-36
1.44234e-36
1.96789e-36
2.68275e-36
3.65467e-36
4.97537e-36
6.76897e-36
9.20335e-36
1.25054e-35
1.69817e-35
2.30461e-35
3.12568e-35
4.23667e-35
5.73902e-35
7.76933e-35
1.05114e-34
1.42126e-34
1.92052e-34
2.59355e-34
3.5003e-34
4.72116e-34
6.36393e-34
8.57304e-34
1.15419e-33
1.55294e-33
2.08815e-33
2.80611e-33
3.7686e-33
5.05812e-33
6.7847e-33
9.09507e-33
1.21847e-32
1.63139e-32
2.18289e-32
2.91904e-32
3.90106e-32
5.21025e-32
6.95453e-32
9.27707e-32
1.23677e-31
1.64777e-31
2.19402e-31
2.91957e-31
3.88266e-31
5.16029e-31
6.85414e-31
9.09841e-31
1.20701e-30
1.60027e-30
2.12034e-30
2.80772e-30
3.71566e-30
4.91419e-30
6.49534e-30
8.57998e-30
1.13267e-29
1.49437e-29
1.97035e-29
2.59636e-29
3.41916e-29
4.49996e-29
5.91879e-29
7.7802e-29
1.02208e-28
1.34187e-28
1.76065e-28
2.3087e-28
3.02551e-28
3.96245e-28
5.18637e-28
6.7842e-28
8.86886e-28
1.1587e-27
1.5129e-27
1.97417e-27
2.5745e-27
3.35534e-27
4.37034e-27
5.68891e-27
7.40079e-27
9.62193e-27
1.2502e-26
1.62344e-26
2.10681e-26
2.73243e-26
3.54169e-26
4.58781e-26
5.93932e-26
7.68428e-26
9.93586e-26
1.28394e-25
1.65812e-25
2.14006e-25
2.76039e-25
3.55837e-25
4.58424e-25
5.90228e-25
7.59466e-25
9.76635e-25
1.25514e-24
1.61209e-24
2.06929e-24
2.65455e-24
3.40327e-24
4.36051e-24
5.58362e-24
7.14546e-24
9.13862e-24
1.16807e-23
1.49208e-23
1.90482e-23
2.43025e-23
3.09874e-23
3.94872e-23
5.0288e-23
6.40043e-23
8.14126e-23
1.03493e-22
1.31482e-22
1.6694e-22
2.11832e-22
2.68634e-22
3.40461e-22
4.31231e-22
5.45873e-22
6.90574e-22
8.73106e-22
1.10322e-21
1.39314e-21
1.75818e-21
2.21754e-21
2.79523e-21
3.5213e-21
4.43328e-21
5.5781e-21
7.01432e-21
8.81503e-21
1.10713e-20
1.38968e-20
1.74329e-20
2.18556e-20
2.73838e-20
3.42898e-20
4.29116e-20
5.3669e-20
6.70828e-20
8.3799e-20
1.04618e-19
1.30531e-19
1.62764e-19
2.02836e-19
2.52621e-19
3.14438e-19
3.91148e-19
4.8628e-19
6.04188e-19
7.50236e-19
9.31031e-19
1.1547e-18
1.43126e-18
1.77299e-18
2.19501e-18
2.71585e-18
3.35827e-18
4.15019e-18
5.1258e-18
6.32697e-18
7.80499e-18
9.62254e-18
1.18563e-17
1.45999e-17
1.79677e-17
2.20993e-17
2.71648e-17
3.33715e-17
4.0972e-17
5.02738e-17
6.16509e-17
7.55578e-17
9.2547e-17
1.13289e-16
1.38598e-16
1.69461e-16
2.07075e-16
2.52887e-16
3.08653e-16
3.76494e-16
4.58976e-16
5.59198e-16
6.80904e-16
8.2861e-16
1.00777e-15
1.22494e-15
1.48804e-15
1.80658e-15
2.19204e-15
2.65817e-15
3.22154e-15
3.90203e-15
4.72349e-15
5.71455e-15
6.90952e-15
8.34948e-15
1.00837e-14
1.21709e-14
1.46817e-14
1.77001e-14
2.13267e-14
2.56814e-14
3.09073e-14
3.71751e-14
4.4688e-14
5.36882e-14
6.44637e-14
7.73572e-14
9.27759e-14
1.11204e-13
1.33215e-13
1.59491e-13
1.9084e-13
2.28219e-13
2.72763e-13
3.25815e-13
3.88961e-13
4.6408e-13
5.5339e-13
6.5951e-13
7.85531e-13
9.351e-13
1.11251e-12
1.32283e-12
1.57202e-12
1.86708e-12
2.21627e-12
2.62928e-12
3.11748e-12
3.69425e-12
4.37526e-12
5.17888e-12
6.12665e-12
7.24381e-12
8.55985e-12
1.01093e-11
1.19326e-11
1.40768e-11
1.65971e-11
1.95576e-11
2.30334e-11
2.71119e-11
3.18948e-11
3.75007e-11
4.40674e-11
5.17555e-11
6.07513e-11
7.12714e-11
8.35673e-11
9.79306e-11
1.147e-10
1.34267e-10
1.57087e-10
1.83684e-10
2.14668e-10
2.50743e-10
2.92721e-10
3.41541e-10
3.9829e-10
4.64216e-10
5.40765e-10
6.29598e-10
7.32631e-10
8.52071e-10
9.90454e-10
1.1507e-09
1.33616e-09
1.5507e-09
1.79873e-09
2.08533e-09
2.41632e-09
2.79839e-09
3.23918e-09
3.74744e-09
4.3332e-09
5.00793e-09
5.78472e-09
6.67856e-09
7.70655e-09
8.88822e-09
1.02458e-08
1.18048e-08
1.35941e-08
1.56466e-08
1.8e-08
2.06969e-08
2.3786e-08
2.73226e-08
3.13693e-08
3.59975e-08
4.12881e-08
4.73331e-08
5.42365e-08
6.21164e-08
7.11066e-08
8.13586e-08
9.30437e-08
1.06356e-07
1.21515e-07
1.38769e-07
1.58397e-07
1.80716e-07
2.06084e-07
2.34903e-07
2.67627e-07
3.0477e-07
3.46907e-07
3.9469e-07
4.4885e-07
5.10212e-07
5.79701e-07
6.58359e-07
7.47358e-07
8.48013e-07
9.61801e-07
1.09038e-06
1.23562e-06
1.39959e-06
1.58465e-06
1.79341e-06
2.02882e-06
2.29416e-06
2.59313e-06
2.92985e-06
3.30894e-06
3.73555e-06
4.21547e-06
4.75513e-06
5.36175e-06
6.04338e-06
6.809e-06
7.66865e-06
8.63352e-06
9.71609e-06
1.09303e-05
1.22916e-05
1.38174e-05
1.5527e-05
1.74417e-05
1.95855e-05
2.1985e-05
2.46699e-05
2.76731e-05
3.10311e-05
3.47849e-05
3.89798e-05
4.36661e-05
4.88998e-05
5.47431e-05
6.12652e-05
6.85427e-05
7.6661e-05
8.57146e-05
9.58085e-05
0.000107059
0.000119596
0.000133563
0.000149118
0.000166438
0.000185719
0.000207177
0.000231052
0.000257612
0.000287151
0.000319996
0.000356509
0.000397092
0.000442188
0.00049229
0.000547943
0.000609749
0.000678377
0.000754565
0.000839131
0.000932981
0.00103712
0.00115265
0.0012808
0.00142292
0.00158053
0.00175527
0.001949
0.00216372
0.0024017
0.00266542
0.00295763
0.00328136
0.00363998
0.00403719
0.00447711
0.00496429
0.00550373
0.00610099
0.00676221
0.00749417
0.00830437
0.00920111
0.0101935
0.0112918
0.0125071
0.0138517
0.0153395
0.0169854
0.0188062
0.0208204
0.0230484
0.0255127
0.0282384
0.0312528
0.0345866
0.0382733
0.0423501
0.0468582
0.0518431
0.0573548
0.063449
0.0701869
0.0776363
0.0858722
0.0949773
0.105043
0.116171
0.128472
0.14207
0.157101
0.173717
0.192084
0.212385
0.234826
0.259629
0.287045
0.317348
0.350841
0.38786
0.428775
0.473997
0.523978
0.579218
0.640271
0.707748
0.782323
0.864744
0.955834
1.05651
1.16777
1.29073
1.42663
1.57681
1.7428
1.92623
2.12896
2.353
2.60061
2.87424
3.17665
3.51086
3.88021
4.28839
4.73948
5.238
5.78894
6.3978
7.07066
7.81427
8.63606
9.54425
10.5479
11.6571
12.8829
14.2375
15.7346
17.389
19.2174
21.238
23.471
25.9387
28.6659
31.6798
35.0105
37.6913
39.7491
41.2045
42.0719
42.3601
42.0719
41.2045
39.7491
37.6913
35.0105
31.6798
28.6659
25.9387
23.471
21.238
19.2174
17.389
15.7346
14.2375
12.8829
11.6571
10.5479
9.54425
8.63606
7.81427
7.07066
6.3978
5.78894
5.238
4.73948
4.28839
3.88021
3.51086
3.17665
2.87424
2.60061
2.353
2.12896
1.92623
1.7428
1.57681
1.42663
1.29073
1.16777
1.05651
0.955834
0.864744
0.782323
0.707748
0.640271
0.579218
0.523978
0.473997
0.428775
0.38786
0.350841
0.317348
0.287045
0.259629
0.234826
0.212385
0.192084
0.173717
0.157101
0.14207
0.128472
0.116171
0.105043
0.0949773
0.0858722
0.0776363
0.0701869
0.063449
0.0573548
0.0518431
0.0468582
0.0423501
0.0382733
0.0345866
0.0312528
0.0282384
0.0255127
0.0230484
0.0208204
0.0188062
0.0169854
0.0153395
0.0138517
0.0125071
0.0112918
0.0101935
0.00920111
0.00830437
0.00749417
0.00676221
0.00610099
0.00550373
0.00496429
0.00447711
0.00403719
0.00363998
0.00328136
0.00295763
0.00266542
0.0024017
0.00216372
0.001949
0.00175527
0.00158053
0.00142292
0.0012808
0.00115265
0.00103712
0.000932981
0.000839131
0.000754565
0.000678377
0.000609749
0.000547943
0.00049229
0.000442188
0.000397092
0.000356509
0.000319996
0.000287151
0.000257612
0.000231052
0.000207177
0.000185719
0.000166438
0.000149118
0.000133563
0.000119596
0.000107059
9.58085e-05
8.57146e-05
7.6661e-05
6.85427e-05
6.12652e-05
5.47431e-05
4.88998e-05
4.36661e-05
3.89798e-05
3.47849e-05
3.10311e-05
2.76731e-05
2.46699e-05
2.1985e-05
1.95855e-05
1.74417e-05
1.5527e-05
1.38174e-05
1.22916e-05
1.09303e-05
9.71609e-06
8.63352e-06
7.66865e-06
6.809e-06
6.04338e-06
5.36175e-06
4.75513e-06
4.21547e-06
3.73555e-06
3.30894e-06
2.92985e-06
2.59313e-06
2.29416e-06
2.02882e-06
1.79341e-06
1.58465e-06
1.39959e-06
1.23562e-06
1.09038e-06
9.61801e-07
8.48013e-07
7.47358e-07
6.58359e-07
5.79701e-07
5.10212e-07
4.4885e-07
3.9469e-07
3.46907e-07
3.0477e-07
2.67627e-07
2.34903e-07
2.06084e-07
1.80716e-07
1.58397e-07
1.38769e-07
1.21515e-07
1.06356e-07
9.30437e-08
8.13586e-08
7.11066e-08
6.21164e-08
5.42365e-08
4.73331e-08
4.12881e-08
3.59975e-08
3.13693e-08
2.73226e-08
2.3786e-08
2.06969e-08
1.8e-08
1.56466e-08
1.35941e-08
1.18048e-08
1.02458e-08
8.88822e-09
7.70655e-09
6.67856e-09
5.78472e-09
5.00793e-09
4.3332e-09
3.74744e-09
3.23918e-09
2.79839e-09
2.41632e-09
2.08533e-09
1.79873e-09
1.5507e-09
1.33616e-09
1.1507e-09
9.90454e-10
8.52071e-10
7.32631e-10
6.29598e-10
5.40765e-10
4.64216e-10
3.9829e-10
3.41541e-10
2.92721e-10
2.50743e-10
2.14668e-10
1.83684e-10
1.57087e-10
1.34267e-10
1.147e-10
9.79306e-11
8.35673e-11
7.12714e-11
6.07513e-11
5.17555e-11
4.40674e-11
3.75007e-11
3.18948e-11
2.71119e-11
2.30334e-11
1.95576e-11
1.65971e-11
1.40768e-11
1.19326e-11
1.01093e-11
8.55985e-12
7.24381e-12
6.12665e-12
5.17888e-12
4.37526e-12
3.69425e-12
3.11748e-12
2.62928e-12
2.21627e-12
1.86708e-12
1.57202e-12
1.32283e-12
1.11251e-12
9.351e-13
7.85531e-13
6.5951e-13
5.5339e-13
4.6408e-13
3.88961e-13
3.25815e-13
2.72763e-13
2.28219e-13
1.9084e-13
1.59491e-13
1.33215e-13
1.11204e-13
9.27759e-14
7.73572e-14
6.44637e-14
5.36882e-14
4.4688e-14
3.71751e-14
3.09073e-14
2.56814e-14
2.13267e-14
1.77001e-14
1.46817e-14
1.21709e-14
1.00837e-14
8.34948e-15
6.90952e-15
5.71455e-15
4.72349e-15
3.90203e-15
3.22154e-15
2.65817e-15
2.19204e-15
1.80658e-15
1.48804e-15
1.22494e-15
1.00777e-15
8.2861e-16
6.80904e-16
5.59198e-16
4.58976e-16
3.76494e-16
3.08653e-16
2.52887e-16
2.07075e-16
1.69461e-16
1.38598e-16
1.13289e-16
9.2547e-17
7.55578e-17
6.16509e-17
5.02738e-17
4.0972e-17
3.33715e-17
2.71648e-17
2.20993e-17
1.79677e-17
1.45999e-17
1.18563e-17
9.62254e-18
7.80499e-18
6.32697e-18
5.1258e-18
4.15019e-18
3.35827e-18
2.71585e-18
2.19501e-18
1.77299e-18
1.43126e-18
1.1547e-18
9.31031e-19
7.50236e-19
6.04188e-19
4.8628e-19
3.91148e-19
3.14438e-19
2.52621e-19
2.02836e-19
1.62764e-19
1.30531e-19
1.04618e-19
8.3799e-20
6.70828e-20
5.3669e-20
4.29116e-20
3.42898e-20
2.73838e-20
2.18556e-20
1.74329e-20
1.38968e-20
1.10713e-20
8.81503e-21
7.01432e-21
5.5781e-21
4.43328e-21
3.5213e-21
2.79523e-21
2.21754e-21
1.75818e-21
1.39314e-21
1.10322e-21
8.73106e-22
6.90574e-22
5.45873e-22
4.31231e-22
3.40461e-22
2.68634e-22
2.11832e-22
1.6694e-22
1.31482e-22
1.03493e-22
8.14126e-23
6.40043e-23
5.0288e-23
3.94872e-23
3.09874e-23
2.43025e-23
1.90482e-23
1.49208e-23
1.16807e-23
9.13862e-24
7.14546e-24
5.58362e-24
4.36051e-24
3.40327e-24
2.65455e-24
2.06929e-24
1.61209e-24
1.25514e-24
9.76635e-25
7.59466e-25
5.90228e-25
4.58424e-25
3.55837e-25
2.76039e-25
2.14006e-25
1.65812e-25
1.28394e-25
9.93586e-26
7.68428e-26
5.93932e-26
4.58781e-26
3.54169e-26
2.73243e-26
2.10681e-26
1.62344e-26
1.2502e-26
9.62193e-27
7.40079e-27
5.68891e-27
4.37034e-27
3.35534e-27
2.5745e-27
1.97417e-27
1.5129e-27
1.1587e-27
8.86886e-28
6.7842e-28
5.18637e-28
3.96245e-28
3.02551e-28
2.3087e-28
1.76065e-28
1.34187e-28
1.02208e-28
7.7802e-29
5.91879e-29
4.49996e-29
3.41916e-29
2.59636e-29
1.97035e-29
1.49437e-29
1.13267e-29
8.57998e-30
6.49534e-30
4.91419e-30
3.71566e-30
2.80772e-30
2.12034e-30
1.60027e-30
1.20701e-30
9.09841e-31
6.85414e-31
5.16029e-31
3.88266e-31
2.91957e-31
2.19402e-31
1.64777e-31
1.23677e-31
9.27707e-32
6.95453e-32
5.21025e-32
3.90106e-32
2.91904e-32
2.18289e-32
1.63139e-32
1.21847e-32
9.09507e-33
6.7847e-33
5.05812e-33
3.7686e-33
2.80611e-33
2.08815e-33
1.55294e-33
1.15419e-33
8.57304e-34
6.36393e-34
4.72116e-34
3.5003e-34
2.59355e-34
1.92052e-34
1.42126e-34
1.05114e-34
7.76933e-35
5.73902e-35
4.23667e-35
3.12568e-35
2.30461e-35
1.69817e-35
1.25054e-35
9.20334e-36
6.76895e-36
4.97534e-36
3.65464e-36
2.68271e-36
1.96783e-36
1.44227e-36
1.05601e-36
7.72153e-37
5.63469e-37
4.09851e-37
2.96436e-37
2.12202e-37
1.48927e-37
1.00405e-37
6.18552e-38
2.94601e-38
0
