0.0
0.0
0.0
0.0
0.0
0.0
0.0
0.0
0.0
0.0
0.0
0.0
0.0
0.0
0.0
0.0
0.0
0.0
0.0
0.0
0.0
0.0
0.0
0.0
0.0
0.0
0.0
0.0
0.0
0.0
0.0
0.0
0.0
0.0
0.0
0.0
0.0
0.0
0.0
0.0
0.0
0.0
0.0
0.0
0.0
0.0
0.0
0.0
0.0
0.0
0.0
0.0
0.0
0.0
0.0
0.0
0.0
0.0
0.0
0.0
0.0
0.0
0.0
0.0
0.0
0.0
0.0
0.0
0.0
0.0
0.0
0.0
0.0
0.0
0.0
0.0
0.0
0.0
0.0
0.0
0.0
0.0
0.0
0.0
0.0
0.0
0.0
0.0
0.0
0.0
0.0
0.0
0.0
0.0
0.0
0.0
0.0
0.0
0.0
0.0
0.0
0.0
0.0
0.0
0.0
0.0
0.0
0.0
0.0
0.0
0.0
0.0
0.0
0.0
0.0
0.0
0.0
0.0
0.0
0.0
0.0
0.0
0.0
0.0
0.0
0.0
0.0
0.0
0.0
0.0
0.0
0.0
0.0
0.0
0.0
0.0
0.0
0.0
0.0
0.0
0.0
0.0
0.0
0.0
0.0
0.0
0.0
0.0
0.0
0.0
0.0
0.0
0.0
0.0
0.0
0.0
0.0
0.0
0.0
0.0
0.0
0.0
0.0
0.0
0.0
0.0
0.0
0.0
0.0
0.0
0.0
0.0
0.0
0.0
0.0
0.0
0.0
0.0
0.0
0.0
0.0
0.0
0.0
0.0
0.0
0.0
0.0
0.0
0.0
0.0
0.0
0.0
0.0
0.0
0.0
0.0
0.0
0.0
0.0
0.0
0.0
0.0
0.0
0.0
0.0
0.0
0.0
0.0
0.0
0.0
0.0
0.0
0.0
0.0
0.0
0.0
0.0
0.0
0.0
0.0
0.0
0.0
0.0
0.0
0.0
0.0
0.0
0.0
0.0
0.0
0.0
0.0
0.0
0.0
0.0
0.0
0.0
0.0
0.0
0.0
0.0
0.0
0.0
0.0
0.0
0.0
0.0
0.0
0.0
0.0
0.0
0.0
0.0
0.0
0.0
0.0
0.0
0.0
0.0
0.0
0.0
0.0
0.0
0.0
0.0
0.0
0.0
0.0
0.0
0.0
0.0
0.0
0.0
0.0
0.0
0.0
0.0
0.0
0.0
0.0
0.0
0.0
0.0
0.0
0.0
0.0
0.0
0.0
0.0
0.0
0.0
0.0
0.0
0.0
0.0
0.0
0.0
0.0
0.0
0.0
0.0
0.0
0.0
0.0
0.0
0.0
0.0
0.0
0.0
0.0
0.0
0.0
0.0
0.0
0.0
0.0
0.0
0.0
0.0
0.0
0.0
0.0
0.0
0.0
0.0
0.0
0.0
0.0
0.0
0.0
0.0
0.0
0.0
0.0
0.0
0.0
0.0
0.0
0.0
0.0
0.0
0.0
0.0
0.0
0.0
0.0
0.0
0.0
0.0
0.0
0.0
0.0
0.0
0.0
0.0
0.0
0.0
0.0
0.0
0.0
0.0
0.0
0.0
0.0
0.0
0.0
0.0
0.0
0.0
0.0
0.0
0.0
0.0
0.0
0.0
0.0
0.0
0.0
0.0
0.0
0.0
0.0
0.0
0.0
0.0
0.0
0.0
0.0
0.0
0.0
0.0
0.0002076219272148849
0.0004192787711284741
0.0006370871001799034
0.0008632249976596874
0.0010999538425426236
0.0013496409232775415
0.0016147831106717893
0.0018980318265993115
0.002202219558219381
0.002519563802333024
0.0028641654712347918
0.0032285431117602885
0.003627164880829941
0.00406401699613445
0.004543467978826857
0.005070312338734087
0.005649818519455214
0.0062877815827974476
0.006990581159394207
0.007765245245011465
0.008608696099990213
0.009540295702733664
0.010558432579415822
0.0116841124793187
0.012928592201441309
0.014304316543004887
0.015825042747425074
0.01750597807674605
0.019363931884261044
0.02141748370804521
0.023687169066336364
0.026184860432202268
0.028946462189154972
0.03198866288491063
0.03535270890694191
0.03907224071546915
0.043184453628577646
0.04773046977539848
0.052755749317399805
0.05831054505000171
0.06445040493053018
0.07123672755779042
0.07872655177753998
0.08700570330182973
0.0961460461760491
0.10624980820945557
0.1174180270223831
0.12976238480296104
0.14340632512899504
0.1584862874037454
0.17515307124996
0.19357334450610042
0.2139313099047286
0.2364197227193154
0.2612743945478596
0.28873294463879434
0.31908078287354347
0.3526213876344545
0.38969016496913655
0.43065780265093623
0.47593397705667184
0.5259714499304003
0.5812705960008595
0.6423844067287535
0.7099131958408468
0.7845431786981134
0.8670097276592718
0.9581483325944494
1.0588703795529986
1.1701830890045022
1.2931995880434783
1.4291500416603145
1.5793939543911812
1.745433765363386
1.9289298726866506
2.1317064130536933
2.355802079338036
2.60344690073267
2.877128149832059
3.1795826391271906
3.513834913511022
3.8832274957273913
4.291454311598453
4.742597629282933
5.2411688819576625
5.792153782149401
6.401051354479538
7.073961502141237
7.817602399141254
8.639421278830111
9.547636330004698
10.551329703176759
11.660538332077996
12.88635430299745
14.2410357756443
15.73812956474501
17.392606608190597
19.221000852035004
21.24160716618652
23.474620686316804
25.942382372007668
28.669569840116054
31.683454965323
35.0141765988806
37.695041957124396
39.75285969363687
41.20820798578318
42.075640316484666
42.363820184668
42.07564031648466
41.20820798578319
39.75285969363688
37.695041957124396
35.01417659888058
31.683454965322998
28.669569840116058
25.942382372007675
23.474620686316793
21.24160716618652
19.221000852035
17.392606608190604
15.738129564745005
14.2410357756443
12.886354302997454
11.660538332077994
10.551329703176757
9.547636330004696
8.639421278830108
7.817602399141253
7.073961502141235
6.401051354479539
5.792153782149403
5.241168881957665
4.742597629282934
4.291454311598454
3.8832274957273922
3.5138349135110234
3.179582639127193
2.8771281498320604
2.6034469007326706
2.3558020793380363
2.1317064130536947
1.9289298726866517
1.7454337653633876
1.5793939543911817
1.4291500416603142
1.2931995880434795
1.1701830890045029
1.058870379552999
0.9581483325944499
0.8670097276592716
0.7845431786981135
0.7099131958408471
0.6423844067287541
0.5812705960008597
0.5259714499304006
0.4759339770566719
0.4306578026509361
0.3896901649691366
0.3526213876344544
0.3190807828735435
0.2887329446387945
0.26127439454785983
0.23641972271931547
0.21393130990472858
0.1935733445061005
0.17515307124996
0.15848628740374548
0.14340632512899507
0.12976238480296104
0.11741802702238313
0.10624980820945558
0.09614604617604916
0.08700570330182975
0.07872655177754002
0.07123672755779045
0.06445040493053018
0.05831054505000173
0.05275574931739985
0.04773046977539849
0.04318445362857767
0.03907224071546917
0.03535270890694193
0.03198866288491064
0.02894646218915497
0.02618486043220227
0.023687169066336375
0.021417483708045207
0.019363931884261054
0.01750597807674606
0.015825042747425067
0.01430431654300489
0.012928592201441312
0.011684112479318694
0.010558432579415824
0.009540295702733658
0.008608696099990217
0.007765245245011466
0.006990581159394205
0.006287781582797445
0.005649818519455214
0.005070312338734087
0.004543467978826857
0.004064016996134451
0.0036271648808299415
0.0032285431117602885
0.002864165471234792
0.0025195638023330236
0.002202219558219381
0.001898031826599311
0.0016147831106717893
0.0013496409232775413
0.0010999538425426234
0.0008632249976596873
0.0006370871001799034
0.0004192787711284741
0.0002076219272148849
0.0
0.0
0.0
0.0
0.0
0.0
0.0
0.0
0.0
0.0
0.0
0.0
0.0
0.0
0.0
0.0
0.0
0.0
0.0
0.0
0.0
0.0
0.0
0.0
0.0
0.0
0.0
0.0
0.0
0.0
0.0
0.0
0.0
0.0
0.0
0.0
0.0
0.0
0.0
0.0
0.0
0.0
0.0
0.0
0.0
0.0
0.0
0.0
0.0
0.0
0.0
0.0
0.0
0.0
0.0
0.0
0.0
0.0
0.0
0.0
0.0
0.0
0.0
0.0
0.0
0.0
0.0
0.0
0.0
0.0
0.0
0.0
0.0
0.0
0.0
0.0
0.0
0.0
0.0
0.0
0.0
0.0
0.0
0.0
0.0
0.0
0.0
0.0
0.0
0.0
0.0
0.0
0.0
0.0
0.0
0.0
0.0
0.0
0.0
0.0
0.0
0.0
0.0
0.0
0.0
0.0
0.0
0.0
0.0
0.0
0.0
0.0
0.0
0.0
0.0
0.0
0.0
0.0
0.0
0.0
0.0
0.0
0.0
0.0
0.0
0.0
0.0
0.0
0.0
0.0
0.0
0.0
0.0
0.0
0.0
0.0
0.0
0.0
0.0
0.0
0.0
0.0
0.0
0.0
0.0
0.0
0.0
0.0
0.0
0.0
0.0
0.0
0.0
0.0
0.0
0.0
0.0
0.0
0.0
0.0
0.0
0.0
0.0
0.0
0.0
0.0
0.0
0.0
0.0
0.0
0.0
0.0
0.0
0.0
0.0
0.0
0.0
0.0
0.0
0.0
0.0
0.0
0.0
0.0
0.0
0.0
0.0
0.0
0.0
0.0
0.0
0.0
0.0
0.0
0.0
0.0
0.0
0.0
0.0
0.0
0.0
0.0
0.0
0.0
0.0
0.0
0.0
0.0
0.0
0.0
0.0
0.0
0.0
0.0
0.0
0.0
0.0
0.0
0.0
0.0
0.0
0.0
0.0
0.0
0.0
0.0
0.0
0.0
0.0
0.0
0.0
0.0
0.0
0.0
0.0
0.0
0.0
0.0
0.0
0.0
0.0
0.0
0.0
0.0
0.0
0.0
0.0
0.0
0.0
0.0
0.0
0.0
0.0
0.0
0.0
0.0
0.0
0.0
0.0
0.0
0.0
0.0
0.0
0.0
0.0
0.0
0.0
0.0
0.0
0.0
0.0
0.0
0.0
0.0
0.0
0.0
0.0
0.0
0.0
0.0
0.0
0.0
0.0
0.0
0.0
0.0
0.0
0.0
0.0
0.0
0.0
0.0
0.0
0.0
0.0
0.0
0.0
0.0
0.0
0.0
0.0
0.0
0.0
0.0
0.0
0.0
0.0
0.0
0.0
0.0
0.0
0.0
0.0
0.0
0.0
0.0
0.0
0.0
0.0
0.0
0.0
0.0
0.0
0.0
0.0
0.0
0.0
0.0
0.0
0.0
0.0
0.0
0.0
0.0
0.0
0.0
0.0
0.0
0.0
0.0
0.0
0.0
0.0
0.0
0.0
0.0
0.0
0.0
0.0
0.0
0.0
0.0
0.0
0.0
0.0
0.0
0.0
0.0
0.0
0.0
0.0
0.0
0.0
0.0
0.0
0.0
0.0
0.0
0.0
0.0
0.0
0.0
0.0
0.0
0.0
0.0
0.0
0.0
0.0
0.0
0.0
0.0
0.0
0.0
0.0
0.0
0.0
0.0
0.0
0.0
0.0
0.0

