x; approximate_desicion[i]; precise_desicion[i] = ( 
0; -0.00064436; 0
0.05; 0.0518548; 0.0525636
0.1; 0.10974; 0.110517
0.15; 0.173425; 0.174275
0.2; 0.243354; 0.244281
0.25; 0.319997; 0.321006
0.3; 0.403861; 0.404958
0.35; 0.495483; 0.496674
0.4; 0.59544; 0.59673
0.45; 0.704344; 0.70574
0.5; 0.822851; 0.824361
0.55; 0.951659; 0.953289
0.6; 1.09151; 1.09327
0.65; 1.2432; 1.2451
0.7; 1.40758; 1.40963
0.75; 1.58555; 1.58775
0.8; 1.77806; 1.78043
0.85; 1.98615; 1.9887
0.9; 2.2109; 2.21364
0.95; 2.45348; 2.45642
1; 2.71512; 2.71828
)
Cubical error = 0.00316597
h^2 = 0.0025; => Cubical error = O(h^2) = C * h^2.
